      125    1 23313.45 0.13355E+01 -.36923E-02 0.42334E-01 0.47126E-03  -0.364E-11    0
      154    2 23313.45 0.13385E+01 -.36253E-02 0.20418E+00 -.12439E-03   0.625E-11    0
      123    2 71970.73 0.13366E+01 -.34973E-02 -.76566E-01 -.33174E-03  -0.231E-11    0
      131    2 71970.73 0.13355E+01 -.34827E-02 0.24337E-02 -.62936E-03  -0.217E-11    0
      139    2 71970.73 0.13396E+01 -.35696E-02 0.79663E-01 0.33220E-03  -0.261E-11    0
      137    3 23313.45 0.13389E+01 -.36052E-02 -.91265E-01 -.68136E-04  -0.931E-11    0
      147    3 23520.72 0.16122E+01 0.12735E-02 -.63616E+00 -.20354E-02  -0.184E-03    1
      106    3 71970.73 0.13359E+01 -.35164E-02 -.22642E+00 -.61155E-03   0.119E-10    0
      107    3 71970.73 0.13385E+01 -.36405E-02 0.18079E+00 0.71312E-03   0.118E-10    0
      126    3 72970.42 -.75567E+00 0.52830E-04 0.13511E+01 0.24618E-02  -0.161E-05    1
      140    4 23313.45 0.13357E+01 -.36246E-02 -.22765E+00 -.92857E-03   0.614E-11    0
      138    4 71970.73 0.13358E+01 -.36556E-02 -.36024E-01 0.54396E-03   0.160E-11    0
      117    5 71970.73 0.13371E+01 -.35432E-02 -.45661E-01 -.15079E-03   0.413E-11    0
      127    5 71970.73 0.13392E+01 -.36149E-02 -.16337E+00 -.73190E-03   0.365E-11    0
      164    5 71970.73 0.13395E+01 -.36298E-02 -.13881E+00 -.47578E-03   0.394E-11    0
      112    6 23313.45 0.13367E+01 -.37615E-02 0.14221E+00 0.13759E-03   0.190E-11    0
      149    6 23313.45 0.13385E+01 -.37166E-02 -.93435E-01 -.10523E-03   0.115E-11    0
      163    6 71970.73 -.13631E+01 0.43924E-02 -.26533E+00 0.57624E-05  -0.581E-05    1
      145    7 23313.45 0.13770E+01 -.36860E-02 0.33808E-01 -.51616E-03  -0.581E-05    1
      111    7 71970.73 0.13372E+01 -.36678E-02 0.17463E+00 0.47104E-03  -0.335E-11    0
      122    8 23313.45 0.13356E+01 -.36585E-02 -.31853E+00 -.10503E-02  -0.101E-10    0
      153    8 71970.73 0.13364E+01 -.36243E-02 -.10461E+00 -.36863E-03   0.122E-10    0
      148    9 71970.73 0.13396E+01 -.36705E-02 -.30538E-01 0.82235E-03   0.269E-12    0
      129    9 72178.00 0.13091E+01 -.14639E-03 -.61974E+00 -.28575E-02  -0.581E-05    1
      109   11 23313.45 0.14184E+01 -.40072E-02 0.43037E-01 0.98639E-04  -0.435E-05    1
      124   12 23313.45 -.13350E+01 0.35739E-02 -.81358E-01 -.30678E-03  -0.666E-12    0
      119   13 71970.73 0.13387E+01 -.35229E-02 0.18122E+00 0.61449E-03  -0.899E-07    1
      133   14 71970.73 0.13393E+01 -.36169E-02 -.21285E+00 -.86092E-03  -0.115E-10    0
      142   15 71970.73 0.13364E+01 -.36393E-02 0.75731E-01 -.50622E-03   0.197E-10    0
      155   15 73546.70 -.24219E+01 -.72642E-02 0.22163E+00 -.11994E-02  -0.581E-05    1
      136   16 72474.14 -.21720E+01 -.93957E-02 0.99025E-01 0.13753E-03  -0.581E-05    1
      103   19 23313.45 -.13346E+01 0.35645E-02 0.13051E+00 0.44227E-03  -0.546E-11    0
      115   19 71970.73 0.13369E+01 -.36380E-02 0.12666E+00 0.25598E-03  -0.141E-11    0
      144   19 71970.73 0.13352E+01 -.37265E-02 0.40544E-01 -.17189E-04  -0.223E-11    0
      113   20 71970.73 0.13386E+01 -.36457E-02 0.86242E-01 -.44499E-03   0.217E-10    0
      130   21 71970.73 -.13375E+01 0.35016E-02 0.87125E-01 0.10415E-03  -0.310E-05    1
      157   21 71970.73 0.13380E+01 -.37191E-02 -.91462E-01 0.43936E-03  -0.128E-05    1
      160   21 71970.73 0.13384E+01 -.35463E-02 -.33732E-01 -.19040E-03  -0.686E-11    0
      108   22 71970.73 0.13370E+01 -.35879E-02 0.46858E-01 0.44014E-03   0.459E-11    0
      118   22 71970.73 0.13372E+01 -.36017E-02 0.84399E-01 0.71850E-04   0.113E-10    0
      158   22 71970.73 0.13367E+01 -.35749E-02 -.82396E-01 -.12949E-03   0.100E-10    0
      128   23 71970.73 0.13365E+01 -.36773E-02 0.27096E-01 -.58908E-03  -0.306E-11    0
      135   24 71970.73 0.13406E+01 -.36539E-02 0.31606E+00 0.86666E-03   0.356E-11    0
      101   25 72178.00 -.31214E+01 -.65141E-01 0.60480E-01 0.27645E-03  -0.136E+00    1
      134   26 23313.45 0.13404E+01 -.41635E-02 0.13356E+00 0.58448E-03  -0.116E-04    1
      105   26 71970.73 0.13361E+01 -.37017E-02 0.52409E-01 0.41392E-03  -0.108E-10    0
      146   26 71970.73 0.13368E+01 -.36286E-02 0.69093E-01 -.13909E-03   0.465E-12    0
      104   27 23313.45 0.13358E+01 -.37767E-02 -.65849E-01 0.75626E-03  -0.581E-05    1
      121   30 71970.73 0.13406E+01 -.36627E-02 0.57327E-01 0.22764E-03  -0.222E-05    1
      159   31 23313.45 0.13516E+01 -.35205E-02 -.13373E+00 -.36074E-03  -0.994E-06    1
      143   32 71970.73 0.13371E+01 -.35249E-02 0.35860E+00 0.94486E-03   0.442E-10    0
      132   34 71970.73 0.13393E+01 -.36725E-02 0.12907E+00 0.69148E-03  -0.131E-05    1
      116   36 72474.14 -.12841E+02 -.53330E-01 -.73967E+00 0.10755E-02  -0.696E-01    1
      152   37 71970.73 0.13365E+01 -.36403E-02 -.11974E+00 -.77176E-03  -0.383E-10    0
      114   37 72178.00 -.33422E+01 -.49321E-01 0.35841E+00 0.30661E-02  -0.879E-01    1
      150   46 71970.73 0.13381E+01 -.36620E-02 -.50276E-01 -.92314E-03  -0.102E-09    0
      156   46 71970.73 0.13388E+01 -.36715E-02 -.16666E-01 -.31817E-04  -0.255E-07    1
      141   47 71970.73 -.13377E+01 0.35001E-02 -.71097E-01 -.26941E-03  -0.505E-05    1
      151   48 23313.45 -.13546E+01 0.36381E-02 -.63354E-01 -.24982E-03  -0.139E-05    1
      161   48 71970.73 0.13386E+01 -.36749E-02 -.13926E+00 0.20574E-03  -0.189E-05    1
      102   49 71970.73 0.13360E+01 -.36425E-02 0.13643E-01 0.40366E-04  -0.127E-10    0
      162   56 71970.73 0.13358E+01 -.36506E-02 -.14795E+00 -.41304E-03   0.142E-10    0
      120   85 71970.73 0.13356E+01 -.36860E-02 -.11366E+00 -.88432E-03  -0.467E-05    1
      110  101 71970.73 0.13356E+01 -.35713E-02 0.61277E-01 0.51028E-04  -0.321E-05    1
