 %1=name,2=iturn, 3=icoll, 4=nabs, 5=s_imp[m], 6=s_out[m], 7=x_in(b!)[m], 8=xp_in, 9=y_in, 10=yp_in, 11=x_out [m], 12=xp_out, 13=y_out, 14=yp_out
  125       1  2 1 0.000 0.069   0.124378601E-05  -0.369232032E-05   0.423337559E-04   0.471258854E-06   0.993446754E-06  -0.356786496E-05   0.423608257E-04   0.309120295E-06
  156       1  2 0 0.000 0.003   0.945544238E-08  -0.376920337E-05   0.580188536E-05   0.593565197E-07  -0.745204105E-09  -0.377642835E-05   0.580204206E-05   0.568391551E-07
  119       2  2 0 0.000 0.009   0.351196146E-07  -0.377234999E-05  -0.186403571E-03  -0.564276365E-06  -0.297563773E-10  -0.380088532E-05  -0.186408907E-03  -0.546603997E-06
  154       2  2 1 0.000 0.265   0.419484326E-05  -0.362533325E-05   0.204180721E-03  -0.124386240E-06   0.351529304E-05  -0.160184039E-05   0.204110712E-03  -0.272291197E-05
  123       2  2 1 0.000 0.010   0.228933145E-05  -0.349734141E-05  -0.765659233E-04  -0.331741723E-06   0.225493217E-05  -0.345250737E-05  -0.765686407E-04  -0.233618824E-06
  131       2  2 1 0.000 0.172   0.122792611E-05  -0.348273673E-05   0.243371192E-05  -0.629361984E-06   0.638367673E-06  -0.336927523E-05   0.233511124E-05  -0.716821781E-06
  139       2  2 1 0.000 0.247   0.536021331E-05  -0.356960298E-05   0.796628662E-04   0.332200776E-06   0.455153729E-05  -0.314798100E-05   0.797568320E-04   0.334818679E-06
  137       3  2 1 0.000 0.453   0.462344248E-05  -0.360519946E-05  -0.912649739E-04  -0.681359841E-07   0.257804700E-05  -0.103618209E-04  -0.911057243E-04   0.240706480E-05
  147       3  2 4 0.000 0.600   0.447524141E-05  -0.367158509E-05  -0.214605401E-03  -0.636572951E-06   0.418949419E-05   0.134263354E-05  -0.215495732E-03  -0.203503191E-05
  157       3  2 0 0.000 0.129   0.467941517E-06  -0.375904305E-05  -0.327838735E-04  -0.509521669E-06  -0.816936723E-09  -0.350256669E-05  -0.328749173E-04  -0.799488373E-06
  106       3  2 1 0.000 0.419   0.162875942E-05  -0.351640722E-05  -0.226421391E-03  -0.611548297E-06   0.229128935E-06  -0.334302753E-05  -0.226692909E-03  -0.461150609E-06
  107       3  2 1 0.000 0.024   0.417692648E-05  -0.364049228E-05   0.180785515E-03   0.713120838E-06   0.408798428E-05  -0.368395602E-05   0.180802020E-03   0.654519983E-06
  126       3  2 2 0.000 0.166   0.595394416E-06  -0.374544173E-05  -0.178046144E-03  -0.640002620E-06  -0.840997296E-09  -0.348484902E-05  -0.178107085E-03   0.197059749E-05
  161       3  2 0 0.000 0.104   0.396042378E-06  -0.374990341E-05   0.231783179E-03   0.865966281E-06  -0.888519878E-09  -0.377698095E-05   0.231877535E-03   0.941572433E-06
  140       4  2 1 0.000 0.085   0.138498305E-05  -0.362457231E-05  -0.227654441E-03  -0.928572204E-06   0.106720046E-05  -0.385899479E-05  -0.227726286E-03  -0.868433008E-06
  121       4  2 0 0.000 0.231   0.818491539E-06  -0.370428908E-05   0.573968072E-04  -0.691970897E-08  -0.693688176E-09  -0.346924103E-05   0.574139712E-04   0.967859354E-07
  138       4  2 1 0.000 0.087   0.149672587E-05  -0.365564510E-05  -0.360242259E-04   0.543956721E-06   0.938031720E-06  -0.637689392E-05  -0.358889982E-04   0.147882572E-05
  117       5  2 1 0.000 0.412   0.282518964E-05  -0.354319421E-05  -0.456607960E-04  -0.150793427E-06   0.138853162E-05  -0.367326930E-05  -0.457710442E-04  -0.211434213E-06
  127       5  2 1 0.000 0.073   0.487299945E-05  -0.361487189E-05  -0.163370758E-03  -0.731898560E-06   0.460955977E-05  -0.352641064E-05  -0.163422861E-03  -0.694325932E-06
  164       5  2 1 0.000 0.587   0.519455731E-05  -0.362981579E-05  -0.138806290E-03  -0.475779599E-06   0.299975793E-05  -0.271065297E-05  -0.138739377E-03   0.195820409E-05
  112       6  2 1 0.000 0.115   0.240817260E-05  -0.376147604E-05   0.142213354E-03   0.137586894E-06   0.197651440E-05  -0.394509405E-05   0.142228337E-03   0.267332398E-07
  149       6  2 1 0.000 0.004   0.420908074E-05  -0.371661747E-05  -0.934348521E-04  -0.105229716E-06   0.419481176E-05  -0.368558603E-05  -0.934351560E-04  -0.409937251E-07
  163       6  2 0 0.000 0.600   0.524531765E-05  -0.362555640E-05   0.319148364E-03   0.774964995E-06   0.337629963E-05  -0.288186210E-05   0.319662950E-03   0.284587842E-06
  145       6  2 0 0.000 0.600   0.475404066E-05  -0.369574495E-05   0.254879347E-04   0.425666714E-06   0.255970545E-05  -0.407295237E-05   0.258528389E-04   0.684740909E-06
  111       7  2 1 0.000 0.164   0.294623475E-05  -0.366775057E-05   0.174628609E-03   0.471043321E-06   0.233637464E-05  -0.394313289E-05   0.174666150E-03   0.194774699E-06
  122       8  2 1 0.000 0.085   0.128956394E-05  -0.365846648E-05  -0.318529586E-03  -0.105031879E-05   0.973492359E-06  -0.372206369E-05  -0.318623354E-03  -0.112112257E-05
  132       8  2 0 0.000 0.136   0.472798861E-06  -0.354787700E-05   0.187797093E-03   0.423055681E-06  -0.808997630E-09  -0.348185862E-05   0.187865861E-03   0.491406203E-06
  153       8  2 1 0.000 0.595   0.216330178E-05  -0.362429993E-05  -0.104612999E-03  -0.368627188E-06   0.245635863E-06  -0.274048509E-05  -0.105230946E-03  -0.395007784E-05
  129       9  2 3 0.000 0.600   0.551650262E-05  -0.365425230E-05  -0.279363645E-04  -0.488363231E-06   0.474822702E-05  -0.144194103E-06  -0.291665047E-04  -0.285753098E-05
  148       9  2 1 0.000 0.317   0.533370689E-05  -0.367050803E-05  -0.305375437E-04   0.822347209E-06   0.413291181E-05  -0.391334109E-05  -0.302831061E-04   0.607693940E-06
  109      10  2 0 0.000 0.449   0.173146020E-05  -0.348965505E-05  -0.399104759E-04   0.150087619E-06  -0.973100742E-09  -0.428025278E-05  -0.397978685E-04  -0.663798263E-07
  124      12  2 1 0.000 0.080   0.691203093E-06  -0.357389304E-05  -0.813580542E-04  -0.306776469E-06   0.397916539E-06  -0.367080073E-05  -0.813871782E-04  -0.412501716E-06
  120      14  2 0 0.000 0.323   0.123372995E-05  -0.375660502E-05  -0.328035356E-05   0.149083783E-07  -0.661870049E-09  -0.379169690E-05  -0.317294718E-05   0.886187798E-06
  133      14  2 1 0.000 0.280   0.500822805E-05  -0.361693367E-05  -0.212849221E-03  -0.860921485E-06   0.407070362E-05  -0.333382804E-05  -0.213067858E-03  -0.833346953E-06
  130      15  2 0 0.000 0.320   0.118668681E-05  -0.368174173E-05   0.727777069E-04  -0.412696821E-06  -0.713734153E-09  -0.387243189E-05   0.727117075E-04   0.249327015E-07
  142      15  2 1 0.000 0.237   0.215472859E-05  -0.363930302E-05   0.757309135E-04  -0.506216863E-06   0.133708612E-05  -0.321388236E-05   0.755778650E-04  -0.739355610E-06
  155      15  2 2 0.000 0.600   0.163375922E-05  -0.367939820E-05   0.260872248E-04   0.138226744E-06   0.645450296E-06  -0.180747973E-05   0.264550366E-04   0.661470556E-06
  136      16  2 2 0.000 0.600   0.391773791E-05  -0.367742690E-05  -0.749989203E-04  -0.562237833E-06   0.774614532E-06  -0.601257983E-05  -0.748485939E-04   0.433656935E-06
  103      19  2 1 0.000 0.055   0.312686743E-06  -0.356445102E-05   0.130508351E-03   0.442267769E-06   0.115286776E-06  -0.360551155E-05   0.130539433E-03   0.582274755E-06
  104      19  2 0 0.000 0.600   0.235871957E-05  -0.361196584E-05  -0.124104106E-03  -0.696551167E-06   0.193271861E-06  -0.378415413E-05  -0.124818260E-03  -0.126555898E-05
  115      19  2 1 0.000 0.179   0.263405098E-05  -0.363803929E-05   0.126660667E-03   0.255978155E-06   0.240699247E-05   0.114346623E-05   0.127147166E-03   0.535276147E-05
  144      19  2 1 0.000 0.227   0.921017574E-06  -0.372648456E-05   0.405441747E-04  -0.171894060E-07   0.770022615E-07  -0.371630724E-05   0.405481839E-04   0.366166123E-07
  113      20  2 1 0.000 0.239   0.432622919E-05  -0.364568251E-05   0.862418186E-04  -0.444990103E-06   0.341042027E-05  -0.381580158E-05   0.861508634E-04  -0.472862865E-06
  160      21  2 1 0.000 0.072   0.415472089E-05  -0.354631080E-05  -0.337318574E-04  -0.190396268E-06   0.389889235E-05  -0.352862786E-05  -0.337555048E-04  -0.319185362E-06
  108      22  2 1 0.000 0.095   0.266759392E-05  -0.358793116E-05   0.468577364E-04   0.440140755E-06   0.231190123E-05  -0.374333374E-05   0.468992616E-04   0.393117255E-06
  118      22  2 1 0.000 0.229   0.292262525E-05  -0.360174665E-05   0.843993442E-04   0.718496045E-07   0.212149104E-05  -0.342951057E-05   0.843817023E-04  -0.212652173E-06
  158      22  2 1 0.000 0.067   0.242528102E-05  -0.357494285E-05  -0.823960013E-04  -0.129491957E-06   0.219249565E-05  -0.341105023E-05  -0.824115474E-04  -0.271741596E-06
  128      23  2 1 0.000 0.463   0.218537340E-05  -0.367726626E-05   0.270955183E-04  -0.589084841E-06   0.403934314E-06  -0.398441957E-05   0.269107650E-04  -0.368731841E-06
  134      23  2 0 0.000 0.600   0.235934072E-05  -0.366883323E-05  -0.639156278E-04  -0.168447337E-06   0.267216166E-06  -0.324317357E-05  -0.638199494E-04   0.480063885E-06
  135      24  2 1 0.000 0.482   0.628115708E-05  -0.365393460E-05   0.316061629E-03   0.866660232E-06   0.465387755E-05  -0.308765340E-05   0.316656590E-03   0.165151125E-05
  101      25  2 4 0.000 0.600   0.501086380E-05  -0.361913882E-05   0.330552621E-05   0.928147156E-07   0.259408489E-05  -0.503369134E-05   0.333380138E-05   0.238909073E-06
  105      26  2 1 0.000 0.178   0.181677811E-05  -0.370173622E-05   0.524088349E-04   0.413919944E-06   0.115143113E-05  -0.380808785E-05   0.524818578E-04   0.370890067E-06
  146      26  2 1 0.000 0.083   0.250917622E-05  -0.362863118E-05   0.690931216E-04  -0.139086946E-06   0.220536625E-05  -0.367748855E-05   0.690853135E-04  -0.152274827E-06
  159      30  2 0 0.000 0.103   0.389076156E-06  -0.369953556E-05   0.128917649E-03   0.387748139E-06  -0.412624774E-09  -0.396048287E-05   0.128952808E-03   0.273987256E-06
  143      32  2 1 0.000 0.238   0.278604888E-05  -0.352491005E-05   0.358603331E-03   0.944858113E-06   0.197808554E-05  -0.370678227E-05   0.358860255E-03   0.140082461E-05
  151      34  2 0 0.000 0.123   0.455198054E-06  -0.354168995E-05   0.562851566E-04   0.109829699E-06  -0.234768863E-09  -0.384297947E-05   0.562977056E-04   0.624183207E-07
  116      36  2 4 0.000 0.600   0.615872829E-05  -0.363276927E-05   0.182820265E-04  -0.251271910E-07   0.421652350E-05  -0.165213615E-05   0.179687115E-04  -0.245554735E-05
  114      37  2 4 0.000 0.276   0.162093491E-05  -0.356137332E-05  -0.277087892E-03  -0.943059798E-06  -0.285225353E-08  -0.118149090E-04  -0.276254132E-03   0.279663851E-05
  152      37  2 1 0.000 0.192   0.218418404E-05  -0.364028666E-05  -0.119744792E-03  -0.771763337E-06   0.158585185E-05  -0.138970511E-05  -0.119893808E-03  -0.106089637E-05
  141      41  2 0 0.000 0.522   0.192300731E-05  -0.366246839E-05  -0.757206261E-04   0.468306625E-06  -0.350616133E-09  -0.387069742E-05  -0.755725906E-04  -0.247569129E-06
  150      46  2 1 0.000 0.040   0.379567930E-05  -0.366203764E-05  -0.502764117E-04  -0.923144234E-06   0.364943556E-05  -0.361216390E-05  -0.503112077E-04  -0.709502262E-06
  102      49  2 1 0.000 0.031   0.167491571E-05  -0.364248817E-05   0.136432415E-04   0.403658186E-07   0.156145263E-05  -0.377051281E-05   0.136443974E-04   0.276141796E-07
  110      56  2 0 0.000 0.275   0.101457466E-05  -0.369343860E-05  -0.441978412E-04  -0.234579896E-06  -0.739331120E-09  -0.375692590E-05  -0.442535844E-04  -0.238881545E-06
  162      56  2 1 0.000 0.182   0.156294097E-05  -0.365062747E-05  -0.147954206E-03  -0.413041703E-06   0.122138793E-05   0.441030037E-05  -0.147937196E-03   0.282552244E-05
