   9.172395899162314459E-01   3.250428472343846954E-04   5.882759757375305258E-03  -1.919222472160274037E-04   5.667895306431991378E-04   1.523532992264289091E-12
   6.658144000852462829E-01  -1.767614084711701230E-03  -5.258314779595506250E-03   1.766774770634369748E-05  -4.230284327755098189E-03  -1.137088882587827230E-11
  -8.547811656235203559E-01   9.816307484430634306E-04   3.735356807852791700E-02   5.924812902468361763E-04   2.191945869471460372E-03   5.891957408621832753E-12
  -8.714496126816203558E-01  -8.583185492232560171E-04  -2.663378643602227602E-03   1.170813002870113584E-03  -2.242571443314049159E-03  -6.027928540031078271E-12
  -7.847084179285979122E-01  -1.355999638316561159E-03   2.927159119948902297E-03  -7.500162429880284035E-04  -3.396442229527838093E-03  -9.129605243076591972E-12
  -4.049063508642807840E-01   2.300874805469142834E-03   2.713196267364752917E-02   1.337908651849826569E-03   5.430329126402493739E-03   1.459661966039296728E-11
  -3.487691433326138291E-01   2.370001148003303675E-03   1.339474904435528253E-02  -1.216118726016017244E-03   5.599266220664052447E-03   1.505080712642098857E-11
  -2.258990837364975857E-01   2.481188392778818641E-03   1.529983884631909430E-02  -8.020108484928791751E-04   5.871579857701248600E-03   1.578275209163208742E-11
  -6.222471080602020033E-01   1.893978446229902142E-03   4.458941953502195549E-02  -1.052390320721119339E-04   4.441101227220152665E-03   1.193765652925419298E-11
   7.982907300069493894E-01  -1.281930539395761482E-03   2.412599763234504757E-02   1.094074381352937430E-04  -3.130778543495161929E-03  -8.415392514170143075E-12
  -6.790598636904054963E-01  -1.737648919714900216E-03  -2.993786211860424706E-02  -9.719379762745947778E-04  -4.272134579005355294E-03  -1.148339259291163153E-11
  -7.878378399259512443E-01   1.343309118285489472E-03   6.554544395531143597E-02   3.897259253961416056E-04   3.082194015180737216E-03   8.284934885163168234E-12
   6.333029673078415245E-01   1.868289390794081965E-03  -9.829294354425038849E-02   9.568671800239213600E-04   4.264594272826262474E-03   1.146320355675854492E-11
   8.866600232495117639E-01  -7.126703906181076215E-04   1.046098736857315747E-01   6.567722429385729243E-04  -1.836092868696059420E-03  -4.935375401105797994E-12
  -8.759529226798363766E-01  -8.240364728124229985E-04  -4.741661454485602417E-02  -3.534111142677967034E-04  -2.153308270412127631E-03  -5.788019844767888880E-12
  -6.404506739358980516E-01   1.846635413421024744E-03  -9.034001440831654003E-03   1.722129777826483972E-04   4.324364728865859840E-03   1.162383807445650596E-11
  -9.141130388072303825E-01   3.942148601272692579E-04   2.469996716983979042E-03   2.853641969048240708E-04   7.602085103825655934E-04   2.043434506409174798E-12
  -2.192880533754713868E-01   2.485880592657745136E-03  -4.238919274360925665E-02   1.409143822711544991E-05   5.887139886998443879E-03   1.582462435459416977E-11
   7.456310849924611128E-01   1.518146762726906322E-03  -2.404198125513262035E-02  -1.095839288915940362E-03   3.406554672750196702E-03   9.156801826768707800E-12
  -5.288984700675395390E-01  -2.099912850041436765E-03   3.896831018955132942E-03  -2.051207997663328321E-05  -5.080384213922764340E-03  -1.365598189535715480E-11
   6.848538810371285201E-01  -1.711942747957301498E-03  -3.269421790609637613E-02  -2.137444730503002444E-04  -4.104641100150294326E-03  -1.103322858592580847E-11
  -8.218246122275176813E-01  -1.175651900463114659E-03  -5.400692139452945711E-02  -1.823564419096387109E-03  -2.995180955130109617E-03  -8.050910111304453139E-12
  -1.968874516603928357E-02  -2.557611352995100163E-03  -1.159289603362614711E-02   5.261638731581286558E-04  -6.057459763449706512E-03  -1.628231155623523172E-11
  -7.263970070823214664E-01   1.585116627475356092E-03  -1.346699835716164487E-02  -5.010780020209825185E-04   3.677576694835336946E-03   9.885319597664192503E-12
  -9.085691252420061703E-01  -4.843520823467214694E-04  -4.632056940562583741E-02   5.840357275853156737E-04  -1.352887682668138698E-03  -3.636441179609389318E-12
  -2.923340117212270828E-01   2.427100445702548830E-03  -3.484110686891432520E-03   1.156991312387696232E-03   5.738278366880320697E-03   1.542437923761652757E-11
  -9.081250030569897325E-01   4.890118405944793561E-04  -2.055857938096921148E-02   1.180386924407568570E-03   9.809927077850024574E-04   2.636947684105053124E-12
   5.845701908798005553E-01  -1.976853555964290434E-03  -7.073405833764431772E-02   1.278714058107275524E-03  -4.717323901852887337E-03  -1.268010484860024646E-11
   1.514620064116206088E-01  -2.522098887881257193E-03  -5.423161147260183168E-02   6.248629253254569995E-04  -5.961102264915833435E-03  -1.602332937464056113E-11
   7.050666664367820358E-02   2.551558516755089018E-03  -9.520953202042085894E-02   6.294079089218667126E-04   6.015356245477065239E-03   1.616913920145658897E-11
  -1.349416834359561460E-02  -2.557231181740122605E-03  -1.008693822623678155E-01   3.517640690625881833E-04  -6.056019652381981928E-03  -1.627843732708372564E-11
   2.458893831728317381E-01   2.467744105668569828E-03  -4.640723062284987654E-02  -9.454198752337490512E-04   5.785755880014715677E-03   1.555208211631070972E-11
  -4.626184149454080075E-01  -2.216372774077193710E-03   1.640788720159174971E-02   1.452285870349129130E-03  -5.351452973909702482E-03  -1.438449966625264112E-11
   5.882316330096998280E-01  -1.968524233092538035E-03   2.156819140609156707E-02   2.069132615527507059E-04  -4.685226098970017745E-03  -1.259382712527267741E-11
  -8.594439063583180216E-01   9.509097358732896028E-04  -1.058127203213255485E-01  -1.040072321543253570E-03   2.113222272648741362E-03   5.680360919631939491E-12
   3.757421862557678849E-01  -2.334437426622470828E-03  -2.372285467785777147E-02   9.337296123501855364E-04  -5.524367357941818192E-03  -1.484941589558254655E-11
  -3.200896935840538693E-01  -2.401454704812898064E-03  -4.327500953284378615E-02  -2.915311621026472075E-04  -5.740184392766490944E-03  -1.542951810096117578E-11
   7.021447398489712999E-01  -1.656456865198934359E-03   1.041988252442358348E-01  -2.660523587327023095E-04  -3.980606415712639908E-03  -1.069974059834877922E-11
  -5.336941677191857358E-02  -2.554276626033077664E-03   1.000743385684325568E-02  -5.400116269398105764E-04  -6.053945183639529611E-03  -1.627292389744103309E-11
  -1.101808197543477363E-01   2.541104895498705763E-03  -1.368019047291774495E-03  -1.594614312985375088E-03   5.996997727157302692E-03   1.611981643065584565E-11
  -3.333116915554874826E-02   2.557466446628502404E-03   2.830301192789575274E-02  -1.734534740870699891E-03   6.025105649150082864E-03   1.619536531792195324E-11
   4.706927204890461180E-02   2.556457638190910969E-03  -1.086887766679268119E-01   7.772994818222414603E-04   6.028023239270526544E-03   1.620326293335608347E-11
   8.344542983728810981E-01   1.105340162606655149E-03  -1.372016217637589963E-01  -5.361640540435688804E-04   2.415121332820820491E-03   6.491878158391770077E-12
  -8.904481855555557157E-01  -6.955987266127105009E-04  -2.609788405997966534E-02   7.018541881829409835E-05  -1.850231804685451009E-03  -4.973373362156800183E-12
   8.958169104218762779E-01   6.370537079783923293E-04   4.987168314814705711E-02  -4.680138706411788143E-04   1.299230618081128339E-03   3.492274409542085074E-12
  -7.630171908623222254E-01  -1.446427842124157212E-03  -4.990928985593109241E-02   5.259319909044264272E-04  -3.603441296218163042E-03  -9.686014529393256430E-12
  -3.526809211319188453E-01  -2.365956589845090094E-03  -3.262134360115221537E-02  -1.224190032345825237E-03  -5.672804252165332059E-03  -1.524831998081208378E-11
   1.426888921248073150E-01  -2.525807011202129207E-03   1.366804311221551660E-01  -8.762439436260738377E-04  -5.975672481359298356E-03  -1.606251950134685786E-11
  -8.010630732059539350E-01   1.281061797038881515E-03  -4.104533179398283521E-02  -2.762278412118439807E-04   2.929301494496308524E-03   7.873960859364488885E-12
   5.695341754699381198E-01   2.019034665493717705E-03   4.252789054530995566E-02   1.911760673966531434E-03   4.625505435173915374E-03   1.243326907788925490E-11
   1.519094330764524658E-01   2.525295993703572002E-03  -2.323173844365577709E-02   3.454641123622626941E-05   5.944877037412617596E-03   1.597974544264943664E-11
   8.743130651581995094E-01  -8.189240210418135364E-04   3.766941340407722882E-02   1.200889866030552299E-03  -2.085740831981719619E-03  -5.606374617023326823E-12
   2.819114426051601563E-01   2.438422655846899344E-03   6.414992187266203849E-03   6.688069392651586854E-04   5.710890154023469042E-03   1.535076750130595764E-11
   6.934836271745670189E-01   1.697286083516308776E-03   1.355065440599300397E-01   4.231510016363947157E-04   3.851061544439490260E-03   1.035157693150178183E-11
   6.854630147217667668E-02   2.552494107681909600E-03   1.711806301654062151E-03  -2.300550747215405925E-04   6.022110528578897455E-03   1.618731869087585957E-11
   5.694612823565555759E-01   2.019952809144999473E-03   6.389290248986692101E-03  -5.604752912790839992E-05   4.650364558283451299E-03   1.250017536442098753E-11
  -3.997425256169676033E-01  -2.307296989598554057E-03   5.487192377280945832E-02  -6.533146054599133249E-04  -5.540256244396447871E-03  -1.489203321660445581E-11
  -2.322055666263762030E-01   2.476760214651725807E-03   3.562518232179062022E-02   1.062963120143809392E-04   5.865684584183968910E-03   1.576695693352340266E-11
   7.446845993291408838E-01  -1.507254359343228539E-03  -4.571992470760078559E-02  -3.571848065502455645E-04  -3.641817492446130632E-03  -9.789130637632413800E-12
  -1.971657314626373836E-01  -2.499553546684904221E-03   5.347427379057762475E-04   3.200911081057992644E-04  -5.946541231358314951E-03  -1.598413932069384010E-11
  -2.898029768931291161E-01   2.429590778595747472E-03   9.648472143727588810E-03  -1.527725397414649543E-03   5.737311243300582952E-03   1.542184604021312646E-11
   8.095241415113391126E-01  -1.226082215713468438E-03   5.028597909057562487E-02  -4.538016677239428026E-04  -3.006005629603120035E-03  -8.080116387249537992E-12
  -8.247151328986062069E-01   1.161428895943990812E-03   8.365255915049059354E-02   1.508784049764567243E-03   2.622620449478215050E-03   7.049628549216116813E-12
  -9.068475318430468946E-01   5.090047740541576516E-04   4.855254375755065771E-03   8.820504505989689445E-04   1.034395088893893784E-03   2.780445939186648339E-12
