                      0.000000000000000000000000000000000
                      0.000000000000000000000000000000000
                      0.000000000000000000000000000000000
                      0.000000000000000000000000000000000
                     -0.000000000042188474935755948536098
                     -0.000003214027402648189567723400000
                      0.000000000000000000000000000000000
                      0.000000000000000000000000000000000
                      0.000000000000000000000000000000000
                      0.000000000000000000000000000000000
                     -0.000000000059063864910058327950537
                     -0.000004669376202806132684702500000
               50000000.000000000000000000000000000000000
               50000000.000000000000000000000000000000000
               50000000.000000000000000000000000000000000
                      0.000000000000000000000000000000000
                      0.000000000000000000000000000000000
                      0.000000000000000000000000000000000
                      0.000000000000000000000000000000000
                      0.000000000000000000000000000000000
                      0.000000000014168365016978829696439
                      0.023292515742969935321760000000000
                     -0.041193557629557682464583000000000
                     -0.003758791039376839504537700000000
                     -0.006039812891761784513500200000000
                      0.000221148514954714779049550000000
                      0.000000000013220944531494307064073
               50000000.000000000000000000000000000000000
               50000000.000000000000000000000000000000000
               50000000.000661045312881000000000000000000
                      0.000000000000000000000000000000000
                      0.000000000000000000000000000000000
                      0.000000000000000000000000000000000
                      0.000000000000000000000000000000000
                     -0.000000000025313084961453569121659
                     -0.000001892304049152390591780600000
                     -0.041847838826842370663073000000000
                      0.026481135391830987191319000000000
                     -0.004007355474657652363856800000000
                     -0.005915581888389020819019000000000
                      0.000225368354276533851060160000000
                     -0.000000000002637318321385984650624
               50000000.000000000000000000000000000000000
               50000000.000000000000000000000000000000000
               49999999.999868132174015000000000000000000
                      0.050502560707458614419618000000000
                     -0.005478479213605124548136500000000
                     -0.004211257601202871708734300000000
                     -0.005792369865819145882679400000000
                      0.000251746750860415630709350000000
                      0.000000000012675114924107984375954
                      0.046937053606300765951076000000000
                     -0.017994484645529953970033000000000
                     -0.014341806271786742763008000000000
                     -0.002277118122846905241829500000000
                      0.669713136701896361024920000000000
                     -0.000001895959418449354894092200000
               50000000.000000000000000000000000000000000
               50000000.000633753836155000000000000000000
               49999905.202029109001160000000000000000000
                     -0.047528906100359480380035000000000
                     -0.016465932550004419576695000000000
                     -0.004442525780169117796680700000000
                     -0.005648747706999337515887400000000
                      0.000280326208261460606968600000000
                     -0.000000000000958553428231945254293
                      0.033995883832354675813114000000000
                      0.034701722565443356149917000000000
                     -0.014403632609758623348006000000000
                      0.001907745457386241481889700000000
                      0.494416180252177928089450000000000
                     -0.000001909839413800341998713300000
               50000000.000000000000000000000000000000000
               49999999.999952070415020000000000000000000
               49999904.508029341697693000000000000000000
                      0.002014277504362213533362100000000
                     -0.046303947257724263619760000000000
                     -0.006122116183052181415114000000000
                     -0.004147935858964120481307000000000
                      0.000255161497462292501722110000000
                      0.000000000004999526791805587338135
                     -0.025589155456222492657226000000000
                      0.039999039583044578016757000000000
                     -0.006286252694216799483117900000000
                     -0.003951576384888588928945300000000
                      0.000231615047361339091141350000000
                     -0.000000000007000080296488869087037
               50000000.000000000000000000000000000000000
               50000000.000249974429607000000000000000000
               49999999.999649994075298000000000000000000
                     -0.050832624662767639245331000000000
                      0.003362799412521148400417900000000
                     -0.006571300577145536628287400000000
                     -0.003545728176767063387353500000000
                      0.000247346519277825125683600000000
                     -0.000000000008477381417507040145623
                     -0.031424697563001313671549000000000
                     -0.036334040518694238341979000000000
                     -0.006821797987252135181401900000000
                     -0.003127186144742810300356500000000
                      0.000264447742365617340619400000000
                     -0.000000000003154686638127470453349
               50000000.000000000000000000000000000000000
               49999999.999576129019260000000000000000000
               49999999.999842263758183000000000000000000
                      0.009151260473942865458774100000000
                      0.045513624757846128654482000000000
                     -0.006936621329510263278539400000000
                     -0.002915332936410584135922300000000
                      0.000237998420967337927234290000000
                     -0.000000000004941186781212845768574
                      0.015427895732403149042788000000000
                     -0.044165358072300757441564000000000
                     -0.007037744779299765635061100000000
                     -0.002696146308549375245067200000000
                      0.000204873828740822632203320000000
                      0.000000000004000254921970217614637
               50000000.000000000000000000000000000000000
               49999999.999752938747406000000000000000000
               50000000.000200010836124000000000000000000
                     -0.049927893088547975475322000000000
                     -0.009011728726504339426206500000000
                     -0.007313822951326548992001500000000
                     -0.002014032942775598276213800000000
                      0.000213559856849252106955270000000
                     -0.000000000009875110264976477037530
                      0.043305835327753214314406000000000
                      0.024486135863106862908811000000000
                      0.002124043299329995623803100000000
                      0.005761704277910288836406200000000
                     -0.000003343741490240220457582000000
                     -0.000000000005627832289146245696507
               50000000.000000000000000000000000000000000
               49999999.999506242573261000000000000000000
               49999999.999718606472015000000000000000000
                     -0.050897384589305115498714000000000
                      0.003846414669107006602949400000000
                     -0.012610523203392943331069000000000
                      0.006745464419859072482954500000000
                      0.278719151820772559347010000000000
                     -0.000001921021435600978607640900000
                      0.039458204125108357895879000000000
                      0.029393711103924875099880000000000
                     -0.007381132121939295784307500000000
                     -0.001792579534937393951135600000000
                      0.000218411073140243949331290000000
                     -0.000000000001046619290903090944494
               50000000.000000000000000000000000000000000
               49999903.948928251862526000000000000000000
               49999999.999947667121887000000000000000000
                     -0.019658455994110174414047000000000
                     -0.042676720955072425245369000000000
                     -0.007447947843720366042918900000000
                     -0.001554015626346379663411100000000
                      0.000199969360662046461351790000000
                     -0.000000000002994499082505827270241
                     -0.004512595032900676428333500000000
                      0.046052681360092127815786000000000
                     -0.007500798178714070812978000000000
                     -0.001319782402475792523755000000000
                      0.000164660181098737174549760000000
                     -0.000000000008817574927622480787385
               50000000.000000000000000000000000000000000
               49999999.999850273132324000000000000000000
               49999999.999559119343758000000000000000000
                      0.027732694320771092422184000000000
                     -0.038832735981192280372287000000000
                     -0.007545040248466748297739800000000
                     -0.001087434500544265944879700000000
                      0.000135515066984148485791650000000
                      0.000000000003440418295818788829861
                     -0.040961268399267218576210000000000
                      0.027584380640219684915904000000000
                      0.002986613989685674500074200000000
                      0.005437064659728727510079600000000
                     -0.000033611598447309428935089000000
                     -0.000000000016139409493120649345234
               50000000.000000000000000000000000000000000
               50000000.000172019004822000000000000000000
               49999999.999193027615547000000000000000000
                      0.014959996444901813017481000000000
                     -0.044403639977435876984302000000000
                     -0.011518146509483802308882000000000
                      0.008282025264544929515908600000000
                      0.200070671768482644115040000000000
                     -0.000001923486995131222587963000000
                     -0.044574285534049136459078000000000
                      0.022526633380319172755835000000000
                     -0.007583921108449836329112900000000
                     -0.000842052022623240121676490000000
                      0.000129873224111176226213200000000
                     -0.000000000012666693803523422058318
               50000000.000000000000000000000000000000000
               49999903.825650274753571000000000000000000
               49999999.999366663396358000000000000000000
                      0.000000000000000000000000000000000
                      0.000000000000000000000000000000000
                      0.000000000000000000000000000000000
                      0.000000000000000000000000000000000
                      0.000000000000000000000000000000000
                     -0.000000000006861044240693686221822
                     -0.036225002069863940223904000000000
                      0.032740762636653202022341000000000
                     -0.009866627041359658095709400000000
                      0.008278845671968607447532800000000
                      0.187453792164607307979550000000000
                     -0.000001004345187860268447178700000
               50000000.000000000000000000000000000000000
               50000000.000000000000000000000000000000000
               49999949.782740622758865000000000000000000
                      0.050873342538209076479916000000000
                     -0.000801049905973703576557430000000
                     -0.007608767955861543350049000000000
                     -0.000614162789543620931884130000000
                      0.000144329851923456916294730000000
                      0.000000000002576597981259344144861
                     -0.045431684064132359102128000000000
                     -0.020754110188688116439559000000000
                     -0.007632215169185583431010800000000
                     -0.000365977972740611011241710000000
                      0.000156848165294888928058060000000
                     -0.000000000009632221410233571099528
               50000000.000000000000000000000000000000000
               50000000.000128827989101000000000000000000
               49999999.999518387019634000000000000000000
                      0.048327831938580437243225000000000
                     -0.014824221131173707585726000000000
                      0.001348130480475630103842600000000
                     -0.002116382142313733265987000000000
                     -0.000011765780030575931423657000000
                     -0.000000000004297605629137247837372
                     -0.050119177003667213232685000000000
                     -0.008706372388169656556522500000000
                     -0.009232412312753877220439200000000
                      0.008881602981036818347804200000000
                      0.166959742499127650194880000000000
                     -0.000001005271662342398293851800000
               50000000.000000000000000000000000000000000
               49999999.999785117805004000000000000000000
               49999949.736416898667812000000000000000000
                      0.029494158157338981607332000000000
                      0.037813264614217904913129000000000
                     -0.007637235895501214011371600000000
                     -0.000132977359987490985956250000000
                      0.000146581631804907367095170000000
                     -0.000000000004345289417725531786805
                      0.038051236888181710904533000000000
                     -0.030693869458259373517173000000000
                     -0.007614003187258224815414700000000
                      0.000584869073241269400026400000000
                      0.000063335665759195659439348000000
                      0.000000000003540703110671040887902
               50000000.000000000000000000000000000000000
               49999999.999782733619213000000000000000000
               50000000.000177033245564000000000000000000
                      0.027494316495422138624249000000000
                     -0.039110428911462560841450000000000
                     -0.007842592005972027352500600000000
                      0.009958827891229095688463400000000
                      0.125821270698747961214180000000000
                     -0.000001006781499553133429951300000
                     -0.049535200916140068039262000000000
                      0.011008587748283706064800000000000
                     -0.007584874028902800421891900000000
                      0.000832419372654189882246300000000
                      0.000069878473934226523591254000000
                     -0.000000000012888870189722386612392
               50000000.000000000000000000000000000000000
               49999949.660925038158894000000000000000000
               49999999.999355554580688000000000000000000
                      0.049343582197052676674431000000000
                      0.011533451516639486519877000000000
                     -0.007549247807135941665257500000000
                      0.001059751987751819191432800000000
                      0.000086235522854652833422105000000
                      0.000000000000877567654397255707104
                     -0.037674149131236213394747000000000
                     -0.031017282904066186682845000000000
                     -0.007508163925159616440552200000000
                      0.001302891322684212715293800000000
                      0.000089538805825557942386257000000
                     -0.000000000007637402888102372674189
               50000000.000000000000000000000000000000000
               50000000.000043876469135000000000000000000
               49999999.999618127942085000000000000000000
                      0.017397200419317124242546000000000
                      0.043517216944841431713886000000000
                     -0.007447735814605564025336900000000
                      0.001534736368743059393635100000000
                      0.000066649415617237177974878000000
                     -0.000000000006285420532746526635696
                      0.007131050508412756228082700000000
                     -0.045889563856458967516794000000000
                     -0.007393600702040609845555600000000
                      0.001766813364620833199866700000000
                      0.000031086684616180823874029000000
                      0.000000000000792928986041722238041
               50000000.000000000000000000000000000000000
               49999999.999685727059841000000000000000000
               50000000.000039644539356000000000000000000
                     -0.017551116838026625810443000000000
                      0.043527311223276993201736000000000
                     -0.005404200735495759411186600000000
                      0.011233546741855178485725000000000
                      0.064143657605318551984119000000000
                     -0.000001008252727706124236622600000
                      0.045647166458212443118647000000000
                     -0.020341943522218054740680000000000
                     -0.007239971616225966515034700000000
                      0.002223637698404171397087400000000
                      0.000004777694505252991680243100000
                      0.000000000004290380603225091263107
               50000000.000000000000000000000000000000000
               49999949.587363630533218000000000000000000
               50000000.000214517116547000000000000000000
                      0.037900406404722704334365000000000
                     -0.031020902528702782446901000000000
                     -0.005023113460460620210978900000000
                      0.011391477777579357352766000000000
                      0.053854287522366546536734000000000
                     -0.000001008384210337115572029800000
                     -0.050923659777088917111065000000000
                     -0.001310724818216781528343300000000
                     -0.007145765733885186231366700000000
                      0.002457681040600288076974900000000
                      0.000021350507280203483693494000000
                     -0.000000000011250785466634712952120
               50000000.000000000000000000000000000000000
               49999949.580789498984814000000000000000000
               49999999.999437458813190000000000000000000
                     -0.049565548907795242694618000000000
                      0.011363296631383940082927000000000
                     -0.004551851711000885758462400000000
                      0.011548764839460292502826000000000
                      0.043588402624792674244780000000000
                     -0.000001008519215453674755978000000
                      0.044269951644145315305945000000000
                      0.023023096896859652354950000000000
                     -0.007049172632833397914020600000000
                      0.002672524959033862647361800000000
                      0.000034286383711443400531572000000
                      0.000000000000084974890356944091402
               50000000.000000000000000000000000000000000
               49999949.574039243161678000000000000000000
               50000000.000004246830940000000000000000000
                      0.049555565968746287386359000000000
                      0.011236816508126488967090000000000
                     -0.004140656521880756862907800000000
                      0.011683429931902933676668000000000
                      0.033332987592963235490284000000000
                     -0.000001008596279043976594398000000
                     -0.027218598154359910368250000000000
                     -0.039056458102847212143782000000000
                     -0.006948915233595248132358900000000
                      0.002895956448583382556588600000000
                      0.000026821697852761952336580000000
                     -0.000000000004134586925647850740988
               50000000.000000000000000000000000000000000
               49999949.570186063647270000000000000000000
               49999999.999793268740177000000000000000000
                      0.000000000000000000000000000000000
                      0.000000000000000000000000000000000
                      0.000000000000000000000000000000000
                      0.000000000000000000000000000000000
                     -0.000000000075939254884360707364976
                     -0.000005813945904782550879374600000
                      0.004036668006085167292873500000000
                      0.046105283481126101141623000000000
                     -0.006824105651924003944353000000000
                      0.003113238821471736497009700000000
                     -0.000002658923138466771842348300000
                     -0.000000000006886980483007652050371
               50000000.000000000000000000000000000000000
               50000000.000000000000000000000000000000000
               49999999.999655649065971000000000000000000
                     -0.002312794133032161636442900000000
                     -0.046444190526135957497456000000000
                     -0.010101486984243034095154000000000
                     -0.012017457520180799962484000000000
                     -0.000050422911526166314241312000000
                      0.000000000004320033914006068862635
                      0.000000000000000000000000000000000
                      0.000000000000000000000000000000000
                      0.000000000000000000000000000000000
                      0.000000000000000000000000000000000
                      0.000000000000000000000000000000000
                      0.000000000003936040303198750271829
               50000000.000000000000000000000000000000000
               50000000.000215999782085000000000000000000
               50000000.000000000000000000000000000000000
                     -0.021820325418164393527221000000000
                      0.041968854544921010973901000000000
                     -0.010584277698492485647597000000000
                     -0.011694415823943921442507000000000
                     -0.000062064150965943732990091000000
                     -0.000000000005850455637421528105133
                     -0.033367301619985981209204000000000
                      0.035155208249525012054182000000000
                     -0.000398913071670560850923160000000
                     -0.006725880607054836139713200000000
                     -0.000087714965671461002025278000000
                     -0.000000000009196809407313101699545
               50000000.000000000000000000000000000000000
               49999999.999707475304604000000000000000000
               49999999.999540157616138000000000000000000
                      0.019267946016818346399724000000000
                      0.043035195369886793115288000000000
                     -0.000080182813286657460272178000000
                     -0.002444004759628382820319000000000
                      0.000035274073938937561354529000000
                     -0.000000000010463855143849060158352
                      0.006783448781437675934036200000000
                     -0.046047903229837185146156000000000
                     -0.002818008001530130507417100000000
                      0.012010019197824585088230000000000
                      0.002463807638061662683148800000000
                     -0.000001008703563591989295735500000
               50000000.000000000000000000000000000000000
               49999999.999476805329323000000000000000000
               49999949.564821839332581000000000000000000
                     -0.039816962352840871985915000000000
                      0.028938388670690661647056000000000
                     -0.006570385581171860403526500000000
                      0.003537955403778198122666200000000
                     -0.000042367769140440488234017000000
                     -0.000000000010762027379390453391739
                      0.040850246596260741949180000000000
                     -0.027809305558668756530594000000000
                     -0.010981456104923445482591000000000
                     -0.011363956565084827599055000000000
                     -0.000057255945844191434514116000000
                      0.000000000009721555836114971738985
               50000000.000000000000000000000000000000000
               49999999.999461896717548000000000000000000
               50000000.000486075878143000000000000000000
                      0.047497423146943933136566000000000
                     -0.016815396898484085558279000000000
                     -0.000630353784931278124381570000000
                     -0.006709745092376769894093600000000
                     -0.000066227048927814898861277000000
                      0.000000000007217266685435995861905
                     -0.030301163091485935896507000000000
                      0.037283629502152630663669000000000
                     -0.000783513349041357887170280000000
                      0.011653493286994647676336000000000
                     -0.000091263375482750208611549000000
                     -0.000000000000838301057376421354118
               50000000.000000000000000000000000000000000
               50000000.000360861420631000000000000000000
               49999999.999958083033562000000000000000000
                      0.049976589388234606003980000000000
                     -0.008530654743579810933562500000000
                     -0.006444088413743103739561600000000
                      0.003733604330656932566295800000000
                     -0.000027213408859745513761414000000
                      0.000000000005440154201144821601964
                     -0.050528508837903191031060000000000
                      0.007295062479384680116656400000000
                     -0.011445564354907306753306000000000
                     -0.010997173426381940883334000000000
                     -0.000032891740419719846591495000000
                     -0.000000000006351134653622965535755
               50000000.000000000000000000000000000000000
               50000000.000272005796432000000000000000000
               49999999.999682441353798000000000000000000
                     -0.050738803821063861720919000000000
                     -0.005197458004010040849562900000000
                     -0.000903948795465814650129670000000
                     -0.006682621168731055737166600000000
                     -0.000030905749150584574044820000000
                     -0.000000000007726809928040777149985
                      0.042122326751926647547819000000000
                      0.026376713869177656479614000000000
                     -0.001149447138103370374961900000000
                     -0.006654465162948335413273200000000
                     -0.000004153709283060926698086200000
                      0.000000000002780445939186648339381
               50000000.000000000000000000000000000000000
               49999999.999613657593727000000000000000000
               50000000.000139020383358000000000000000000
