
 ETALL    1, NO =    2, NV =    6, INA =  303
 *********************************************

    I  COEFFICIENT          ORDER   EXPONENTS
     1  0.65890818411573E-15    0     0 0  0 0  0 0
0.65890818411573E-15
     2  -.88363388996525        1     1 0  0 0  0 0
-.88363388996525    
     3  -.51499613842299        1     0 1  0 0  0 0
-.51499613842299    
     4  0.24400459335182E-06    1     0 0  0 0  1 0
0.24400459335182E-06
     5  -.28254172672761E-06    1     0 0  0 0  0 1
-.28254172672761E-06
     6  -.11842614795957E-01    2     2 0  0 0  0 0
-.11842614795957E-01
     7  0.51388400858067E-01    2     1 1  0 0  0 0
0.51388400858067E-01
     8  0.38836878363886E-01    2     0 2  0 0  0 0
0.38836878363886E-01
     9  0.53914223043713E-02    2     0 0  2 0  0 0
0.53914223043713E-02
    10  -.97047926332835E-02    2     0 0  1 1  0 0
-.97047926332835E-02
    11  -.39938150874438E-07    2     1 0  0 0  1 0
-.39938150874438E-07
    12  -.50698493251897E-06    2     0 1  0 0  1 0
-.50698493251897E-06
    13  -.23617802089941E-02    2     1 0  0 0  0 1
-.23617802089941E-02
    14  -.24525144122986E-01    2     0 1  0 0  0 1
-.24525144122986E-01
    15  0.36860982884285E-01    2     0 0  0 2  0 0
0.36860982884285E-01
    16  0.15425633983280E-12    2     0 0  0 0  2 0
0.15425633983280E-12
    17  0.55574974845724E-07    2     0 0  0 0  1 1
0.55574974845724E-07
    18  0.13483745509340E-02    2     0 0  0 0  0 2
0.13483745509340E-02
                                      

 ETALL    2, NO =    2, NV =    6, INA =  304
 *********************************************

    I  COEFFICIENT          ORDER   EXPONENTS
     1  0.61830111385049E-15    0     0 0  0 0  0 0
0.61830111385049E-15
     2  0.42561300316805        1     1 0  0 0  0 0
0.42561300316805    
     3  -.88363626132153        1     0 1  0 0  0 0
-.88363626132153    
     4  0.22896744516962E-06    1     0 0  0 0  1 0
0.22896744516962E-06
     5  -.30891169860685E-06    1     0 0  0 0  0 1
-.30891169860685E-06
     6  0.65032550221219E-01    2     2 0  0 0  0 0
0.65032550221219E-01
     7  0.74737486785392E-01    2     1 1  0 0  0 0
0.74737486785392E-01
     8  -.22621411678498E-01    2     0 2  0 0  0 0
-.22621411678498E-01
     9  0.11984746652105E-01    2     0 0  2 0  0 0
0.11984746652105E-01
    10  0.88176591177455E-02    2     0 0  1 1  0 0
0.88176591177455E-02
    11  -.10066525927137E-06    2     1 0  0 0  1 0
-.10066525927137E-06
    12  0.22546435194481E-06    2     0 1  0 0  1 0
0.22546435194481E-06
    13  -.20269066602973E-01    2     1 0  0 0  0 1
-.20269066602973E-01
    14  0.23614801512862E-02    2     0 1  0 0  0 1
0.23614801512862E-02
    15  0.15323687689279E-01    2     0 0  0 2  0 0
0.15323687689279E-01
    16  -.46853107731390E-13    2     0 0  0 0  2 0
-.46853107731390E-13
    17  -.12838021858993E-07    2     0 0  0 0  1 1
-.12838021858993E-07
    18  0.13572699839648E-02    2     0 0  0 0  0 2
0.13572699839648E-02
                                      

 ETALL    3, NO =    2, NV =    6, INA =  305
 *********************************************

    I  COEFFICIENT          ORDER   EXPONENTS
     1  0.99940722897702        1     0 0  1 0  0 0
0.99940722897702    
     2  -.37832313977255E-01    1     0 0  0 1  0 0
-.37832313977255E-01
     3  0.46338482954156E-02    2     1 0  1 0  0 0
0.46338482954156E-02
     4  0.13215331142472E-01    2     0 1  1 0  0 0
0.13215331142472E-01
     5  0.58562073506111E-01    2     1 0  0 1  0 0
0.58562073506111E-01
     6  -.48834674778421E-01    2     0 1  0 1  0 0
-.48834674778421E-01
     7  0.24089259885140E-08    2     0 0  1 0  1 0
0.24089259885140E-08
     8  0.21958868324372E-02    2     0 0  1 0  0 1
0.21958868324372E-02
     9  -.53482546930892E-06    2     0 0  0 1  1 0
-.53482546930892E-06
    10  -.42864630062708        2     0 0  0 1  0 1
-.42864630062708    
                                      

 ETALL    4, NO =    2, NV =    6, INA =  306
 *********************************************

    I  COEFFICIENT          ORDER   EXPONENTS
     1  0.31272315818333E-01    1     0 0  1 0  0 0
0.31272315818333E-01
     2  0.99940931681227        1     0 0  0 1  0 0
0.99940931681227    
     3  -.25639754401106E-01    2     1 0  1 0  0 0
-.25639754401106E-01
     4  -.24042697621223E-02    2     0 1  1 0  0 0
-.24042697621223E-02
     5  -.18308135158728E-02    2     1 0  0 1  0 0
-.18308135158728E-02
     6  -.14652424885468E-01    2     0 1  0 1  0 0
-.14652424885468E-01
     7  -.95371090596545E-06    2     0 0  1 0  1 0
-.95371090596545E-06
     8  -.35425305168977        2     0 0  1 0  0 1
-.35425305168977    
     9  0.16958408830984E-07    2     0 0  0 1  1 0
0.16958408830984E-07
    10  -.21984427407889E-02    2     0 0  0 1  0 1
-.21984427407889E-02
                                      

 ETALL    5, NO =    2, NV =    6, INA =  307
 *********************************************

    I  COEFFICIENT          ORDER   EXPONENTS
     1  0.46834503976819E-07    0     0 0  0 0  0 0
0.46834503976819E-07
     2  0.27360956082501E-05    1     1 0  0 0  0 0
0.27360956082501E-05
     3  -.90792132276541E-06    1     0 1  0 0  0 0
-.90792132276541E-06
     4  0.99997411041958        1     0 0  0 0  1 0
0.99997411041958    
     5  -10.220640208228        1     0 0  0 0  0 1
-10.220640208228    
     6  -.94579485219858E-02    2     2 0  0 0  0 0
-.94579485219858E-02
     7  -.83514281120195E-02    2     1 1  0 0  0 0
-.83514281120195E-02
     8  0.11446187425403E-01    2     0 2  0 0  0 0
0.11446187425403E-01
     9  0.17705616851908        2     0 0  2 0  0 0
0.17705616851908    
    10  -.11207637712733E-01    2     0 0  1 1  0 0
-.11207637712733E-01
    11  0.12309355879862E-07    2     1 0  0 0  1 0
0.12309355879862E-07
    12  -.55719903071087E-07    2     0 1  0 0  1 0
-.55719903071087E-07
    13  0.35464247846206E-02    2     1 0  0 0  0 1
0.35464247846206E-02
    14  -.98545658545022E-03    2     0 1  0 0  0 1
-.98545658545022E-03
    15  -.21423536201006        2     0 0  0 2  0 0
-.21423536201006    
    16  0.99704501706026E-14    2     0 0  0 0  2 0
0.99704501706026E-14
    17  0.15012206417511E-08    2     0 0  0 0  1 1
0.15012206417511E-08
    18  0.29355484249116E-03    2     0 0  0 0  0 2
0.29355484249116E-03
                                      

 ETALL    6, NO =    2, NV =    6, INA =  308
 *********************************************

    I  COEFFICIENT          ORDER   EXPONENTS
     1  -.30617549419160E-06    1     1 0  0 0  0 0
-.30617549419160E-06
     2  0.97694045308852E-07    1     0 1  0 0  0 0
0.97694045308852E-07
     3  0.26879825515697E-05    1     0 0  0 0  1 0
0.26879825515697E-05
     4  0.99999841663663        1     0 0  0 0  0 1
0.99999841663663    
     5  0.89723348328179E-08    2     2 0  0 0  0 0
0.89723348328179E-08
     6  -.12367412175517E-07    2     1 1  0 0  0 0
-.12367412175517E-07
     7  -.23687863917081E-06    2     0 2  0 0  0 0
-.23687863917081E-06
     8  -.23764961770345E-08    2     0 0  2 0  0 0
-.23764961770345E-08
     9  -.82599954185500E-09    2     0 0  1 1  0 0
-.82599954185500E-09
    10  0.56879096404383E-18    2     1 0  0 0  1 0
0.56879096404383E-18
    11  -.18148901942432E-18    2     0 1  0 0  1 0
-.18148901942432E-18
    12  0.16284243837017E-08    2     1 0  0 0  0 1
0.16284243837017E-08
    13  0.46880246537991E-07    2     0 1  0 0  0 1
0.46880246537991E-07
    14  -.30423388608144E-06    2     0 0  0 2  0 0
-.30423388608144E-06
    15  -.24967709954664E-17    2     0 0  0 0  2 0
-.24967709954664E-17
    16  0.19948937253349E-17    2     0 0  0 0  1 1
0.19948937253349E-17
    17  0.16025730379306E-10    2     0 0  0 0  0 2
0.16025730379306E-10
                                      
