 # ID name  angle[rad]  betax[m]  betay[m] halfgap[m]  Material  Length[m]  sigx[m]  sigy[m] tilt1[rad] tilt2[rad] nsig
         1 TCP.D6L2.B1     0.1571000000E+01    0.7942311246E+03    0.3913035599E+03    0.9621554928E-03 C    0.60000E+00   0.18108E-03   0.12710E-03   0.00000E+00   0.00000E+00   0.75700E+01
         2 TCP.C6L2.B1     0.0000000000E+00    0.7525246233E+03    0.4138024881E+03    0.1334285333E-02 C    0.60000E+00   0.17626E-03   0.13070E-03   0.00000E+00   0.00000E+00   0.75700E+01
         3 TCP.B6L2.B1     0.2215000000E+01    0.7122016053E+03    0.4374273782E+03    0.1126642038E-02 C    0.60000E+00   0.17147E-03   0.13438E-03   0.00000E+00   0.00000E+00   0.75700E+01
         4 TCSG.A6L2.B1    0.2462660000E+01    0.1993401180E+03    0.1134607917E+04    0.1352337412E-02 C    0.10000E+01   0.90717E-04   0.21643E-03   0.00000E+00   0.00000E+00   0.88300E+01
         5 TCSG.B5L2.B1    0.2504550000E+01    0.8000416734E+03    0.8325619469E+03    0.1616256230E-02 C    0.10000E+01   0.18174E-03   0.18540E-03   0.00000E+00   0.00000E+00   0.88300E+01
         6 TCSG.A5L2.B1    0.7103500000E+00    0.9299353173E+03    0.7296438378E+03    0.1649001535E-02 C    0.10000E+01   0.19594E-03   0.17356E-03   0.00000E+00   0.00000E+00   0.88300E+01
         7 TCSG.D4L2.B1    0.1570800000E+01    0.1664820768E+04    0.3443228260E+03    0.1052776267E-02 C    0.10000E+01   0.26217E-03   0.11923E-03   0.00000E+00   0.00000E+00   0.88300E+01
         8 TCSG.B4L2.B1    0.0000000000E+00    0.6987958128E+03    0.6549401454E+03    0.1499782652E-02 C    0.10000E+01   0.16985E-03   0.16443E-03   0.00000E+00   0.00000E+00   0.88300E+01
         9 TCSG.A4L2.B1    0.2349210000E+01    0.6433611904E+03    0.7064332273E+03    0.1474394434E-02 C    0.10000E+01   0.16297E-03   0.17078E-03   0.00000E+00   0.00000E+00   0.88300E+01
        10 TCSG.A4R2.B1    0.8080900000E+00    0.5914105358E+03    0.7610510791E+03    0.1479560889E-02 C    0.10000E+01   0.15626E-03   0.17726E-03   0.00000E+00   0.00000E+00   0.88300E+01
        11 TCSG.B5R2.B1    0.2469640000E+01    0.6091894900E+03    0.1337728168E+04    0.1694017599E-02 C    0.10000E+01   0.15859E-03   0.23500E-03   0.00000E+00   0.00000E+00   0.88300E+01
        12 TCSG.D5R2.B1    0.8971000000E+00    0.1069302057E+04    0.7926541509E+03    0.1702372623E-02 C    0.10000E+01   0.21011E-03   0.18090E-03   0.00000E+00   0.00000E+00   0.88300E+01
        13 TCSG.E5R2.B1    0.2277650000E+01    0.1206906534E+04    0.6804904417E+03    0.1704440701E-02 C    0.10000E+01   0.22322E-03   0.16761E-03   0.00000E+00   0.00000E+00   0.88300E+01
        14 TCSG.6R2.B1     0.8730000000E-02    0.1678697159E+04    0.2367845054E+03    0.2324476401E-02 C    0.10000E+01   0.26326E-03   0.98871E-04   0.00000E+00   0.00000E+00   0.88300E+01
        15 TCLA.A6R2.B1    0.1571000000E+01    0.1485261652E+04    0.2407792134E+03    0.1257236856E-02 W    0.10000E+01   0.24762E-03   0.99702E-04   0.00000E+00   0.00000E+00   0.12610E+02
        16 TCLA.B6R2.B1    0.0000000000E+00    0.7974718184E+03    0.3819476644E+03    0.2288048543E-02 W    0.10000E+01   0.18145E-03   0.12557E-03   0.00000E+00   0.00000E+00   0.12610E+02
        17 TCLA.C6R2.B1    0.1571000000E+01    0.3430828120E+03    0.7594483396E+03    0.2232835227E-02 W    0.10000E+01   0.11901E-03   0.17707E-03   0.00000E+00   0.00000E+00   0.12610E+02
        18 TCLA.D6R2.B1    0.0000000000E+00    0.3252453872E+03    0.7895921065E+03    0.1461211679E-02 W    0.10000E+01   0.11588E-03   0.18055E-03   0.00000E+00   0.00000E+00   0.12610E+02
        19 TCLA.A7R2.B1    0.0000000000E+00    0.3231893772E+03    0.7322676262E+03    0.1456585897E-02 W    0.10000E+01   0.11551E-03   0.17387E-03   0.00000E+00   0.00000E+00   0.12610E+02
         1 TCP.D6L2.B1     0.1571000000E+01    0.7942318901E+03    0.3913191238E+03    0.9621746272E-03 C    0.60000E+00   0.18108E-03   0.12710E-03   0.00000E+00   0.00000E+00   0.75700E+01
         2 TCP.C6L2.B1     0.0000000000E+00    0.7525254961E+03    0.4138186298E+03    0.1334286107E-02 C    0.60000E+00   0.17626E-03   0.13071E-03   0.00000E+00   0.00000E+00   0.75700E+01
         3 TCP.B6L2.B1     0.2215000000E+01    0.7122025782E+03    0.4374440857E+03    0.1126653621E-02 C    0.60000E+00   0.17147E-03   0.13439E-03   0.00000E+00   0.00000E+00   0.75700E+01
         4 TCSG.A6L2.B1    0.2462660000E+01    0.1993415806E+03    0.1134633328E+04    0.1352350391E-02 C    0.10000E+01   0.90718E-04   0.21643E-03   0.00000E+00   0.00000E+00   0.88300E+01
         5 TCSG.B5L2.B1    0.2504550000E+01    0.8000373526E+03    0.8325658862E+03    0.1616254838E-02 C    0.10000E+01   0.18174E-03   0.18540E-03   0.00000E+00   0.00000E+00   0.88300E+01
         6 TCSG.A5L2.B1    0.7103500000E+00    0.9299300668E+03    0.7296457117E+03    0.1648999367E-02 C    0.10000E+01   0.19594E-03   0.17356E-03   0.00000E+00   0.00000E+00   0.88300E+01
         7 TCSG.D4L2.B1    0.1570800000E+01    0.1664810074E+04    0.3443174022E+03    0.1052767975E-02 C    0.10000E+01   0.26217E-03   0.11923E-03   0.00000E+00   0.00000E+00   0.88300E+01
         8 TCSG.B4L2.B1    0.0000000000E+00    0.6987904654E+03    0.6549201539E+03    0.1499776914E-02 C    0.10000E+01   0.16985E-03   0.16443E-03   0.00000E+00   0.00000E+00   0.88300E+01
         9 TCSG.A4L2.B1    0.2349210000E+01    0.6433562770E+03    0.7064129179E+03    0.1474380550E-02 C    0.10000E+01   0.16297E-03   0.17077E-03   0.00000E+00   0.00000E+00   0.88300E+01
        10 TCSG.A4R2.B1    0.8080900000E+00    0.5914060472E+03    0.7610305203E+03    0.1479546869E-02 C    0.10000E+01   0.15626E-03   0.17725E-03   0.00000E+00   0.00000E+00   0.88300E+01
        11 TCSG.B5R2.B1    0.2469640000E+01    0.6091940816E+03    0.1337727142E+04    0.1694019893E-02 C    0.10000E+01   0.15859E-03   0.23500E-03   0.00000E+00   0.00000E+00   0.88300E+01
        12 TCSG.D5R2.B1    0.8971000000E+00    0.1069310237E+04    0.7926587453E+03    0.1702378286E-02 C    0.10000E+01   0.21011E-03   0.18090E-03   0.00000E+00   0.00000E+00   0.88300E+01
        13 TCSG.E5R2.B1    0.2277650000E+01    0.1206915753E+04    0.6804959329E+03    0.1704447371E-02 C    0.10000E+01   0.22322E-03   0.16761E-03   0.00000E+00   0.00000E+00   0.88300E+01
        14 TCSG.6R2.B1     0.8730000000E-02    0.1678709538E+04    0.2367939299E+03    0.2324484972E-02 C    0.10000E+01   0.26326E-03   0.98873E-04   0.00000E+00   0.00000E+00   0.88300E+01
        15 TCLA.A6R2.B1    0.1571000000E+01    0.1485272457E+04    0.2407893889E+03    0.1257263422E-02 W    0.10000E+01   0.24763E-03   0.99704E-04   0.00000E+00   0.00000E+00   0.12610E+02
        16 TCLA.B6R2.B1    0.0000000000E+00    0.7974768548E+03    0.3819561366E+03    0.2288055768E-02 W    0.10000E+01   0.18145E-03   0.12557E-03   0.00000E+00   0.00000E+00   0.12610E+02
        17 TCLA.C6R2.B1    0.1571000000E+01    0.3430836465E+03    0.7594458950E+03    0.2232831634E-02 W    0.10000E+01   0.11901E-03   0.17707E-03   0.00000E+00   0.00000E+00   0.12610E+02
        18 TCLA.D6R2.B1    0.0000000000E+00    0.3252460356E+03    0.7895887054E+03    0.1461213136E-02 W    0.10000E+01   0.11588E-03   0.18055E-03   0.00000E+00   0.00000E+00   0.12610E+02
        19 TCLA.A7R2.B1    0.0000000000E+00    0.3231885402E+03    0.7322580982E+03    0.1456584011E-02 W    0.10000E+01   0.11551E-03   0.17387E-03   0.00000E+00   0.00000E+00   0.12610E+02
