 #1=icoll, 2=iturn, 3=np, 4=nabs (1:Nuclear-Inelastic,2:Nuclear-Elastic,3:pp-Elastic,4:Single-Diffractive,5:Coulomb), 5=dp, 6=dx', 7=dy'
  2     1    125  1   -0.100000E+01    0.000000E+00    0.000000E+00
  2     1    156  0   -0.2621614287E-07   -0.7224986378E-08   -0.2517364652E-08
  2     2    119  0   -0.9004540363E-07   -0.2853533435E-07    0.1767236813E-07
  2     2    154  2    0.0000000000E+00    0.2578061918E-05    0.8047586199E-06
  2     2    154  3    0.0000000000E+00   -0.4838944579E-06   -0.3208388612E-05
  2     2    154  1   -0.100000E+01    0.000000E+00    0.000000E+00
  2     2    123  1   -0.100000E+01    0.000000E+00    0.000000E+00
  2     2    131  1   -0.100000E+01    0.000000E+00    0.000000E+00
  2     2    139  1   -0.100000E+01    0.000000E+00    0.000000E+00
  2     3    137  2    0.0000000000E+00   -0.1599432402E-06    0.3131638542E-06
  2     3    137  3    0.0000000000E+00   -0.6461320105E-05    0.2136646204E-05
  2     3    137  1   -0.100000E+01    0.000000E+00    0.000000E+00
  2     3    147  4   -0.1780083205E-03    0.5375807183E-05   -0.1884518399E-05
  2     3    147  0   -0.5814952983E-05   -0.3615885536E-06    0.4860594353E-06
  2     3    157  0   -0.1252882642E-05    0.2564763620E-06   -0.2899667042E-06
  4     3    147  1   -0.100000E+01    0.000000E+00    0.000000E+00
  2     3    106  1   -0.100000E+01    0.000000E+00    0.000000E+00
  2     3    107  1   -0.100000E+01    0.000000E+00    0.000000E+00
  2     3    126  2    0.0000000000E+00    0.2546132533E-06    0.2682986089E-05
  2     3    126  0   -0.1606389382E-05    0.5979457149E-08   -0.7238598340E-07
  2     3    161  0   -0.1008715051E-05   -0.2707753778E-07    0.7560615207E-07
  9     3    126  1   -0.100000E+01    0.000000E+00    0.000000E+00
  2     4    140  1   -0.100000E+01    0.000000E+00    0.000000E+00
  2     4    121  0   -0.2242658417E-05    0.2350480528E-06    0.1037056444E-06
  2     4    138  2    0.0000000000E+00   -0.2894097785E-05    0.1201029358E-05
  2     4    138  1   -0.100000E+01    0.000000E+00    0.000000E+00
  2     5    117  1   -0.100000E+01    0.000000E+00    0.000000E+00
  2     5    127  1   -0.100000E+01    0.000000E+00    0.000000E+00
  2     5    164  2    0.0000000000E+00    0.1683008093E-06    0.2536645077E-05
  2     5    164  2    0.0000000000E+00    0.9455978874E-06    0.6873893435E-07
  2     5    164  1   -0.100000E+01    0.000000E+00    0.000000E+00
  2     6    112  1   -0.100000E+01    0.000000E+00    0.000000E+00
  2     6    149  1   -0.100000E+01    0.000000E+00    0.000000E+00
  2     6    163  0   -0.5813945702E-05    0.7436942967E-06   -0.4903771533E-06
  2     6    145  0   -0.5813945701E-05   -0.3772074266E-06    0.2590741954E-06
  2     6    163  1   -0.100000E+01    0.000000E+00    0.000000E+00
  2     7    145  1   -0.100000E+01    0.000000E+00    0.000000E+00
  2     7    111  1   -0.100000E+01    0.000000E+00    0.000000E+00
  2     8    122  1   -0.100000E+01    0.000000E+00    0.000000E+00
  2     8    132  0   -0.1321231039E-05    0.6601837984E-07    0.6835052245E-07
  2     8    153  3    0.0000000000E+00    0.8938920856E-06   -0.3581726917E-05
  2     8    153  1   -0.100000E+01    0.000000E+00    0.000000E+00
  2     9    129  3    0.0000000000E+00    0.3613905700E-05   -0.2289382482E-05
  2     9    129  0   -0.5813945702E-05   -0.1038475061E-06   -0.7978526810E-07
  2     9    148  1   -0.100000E+01    0.000000E+00    0.000000E+00
  4     9    129  4   -0.2488322577E-04   -0.3191024870E-05   -0.1172360895E-05
  4     9    129  1   -0.100000E+01    0.000000E+00    0.000000E+00
  2    10    109  0   -0.4346068905E-05   -0.7905977252E-06   -0.2164674456E-06
  2    11    109  1   -0.100000E+01    0.000000E+00    0.000000E+00
  2    12    124  1   -0.100000E+01    0.000000E+00    0.000000E+00
  2    13    119  3    0.0000000000E+00    0.2442741871E-05    0.1705120176E-05
  2    13    119  1   -0.100000E+01    0.000000E+00    0.000000E+00
  2    14    120  0   -0.3128098567E-05   -0.3509188512E-07    0.8712794197E-06
  2    14    133  1   -0.100000E+01    0.000000E+00    0.000000E+00
  2    15    130  0   -0.3102613287E-05   -0.1906901586E-06    0.4376295228E-06
  2    15    142  1   -0.100000E+01    0.000000E+00    0.000000E+00
  2    15    155  2    0.0000000000E+00    0.1849124081E-05    0.6452798759E-06
  2    15    155  0   -0.5813945701E-05    0.2279439447E-07   -0.1220360634E-06
 13    15    155  1   -0.100000E+01    0.000000E+00    0.000000E+00
  2    16    157  0   -0.3386543683E-07   -0.2308938902E-07   -0.2103064977E-07
  2    16    136  3    0.0000000000E+00   -0.2697467239E-05    0.1511362350E-05
  2    16    136  2    0.0000000000E+00   -0.4482951106E-08   -0.3738035065E-06
  2    16    136  0   -0.5813945702E-05    0.3667972644E-06   -0.1416640749E-06
  5    16    136  1   -0.100000E+01    0.000000E+00    0.000000E+00
  2    19    103  1   -0.100000E+01    0.000000E+00    0.000000E+00
  2    19    104  0   -0.5813945702E-05   -0.1721882858E-06   -0.5690078172E-06
  2    19    115  3    0.0000000000E+00    0.4810775605E-05    0.5063777683E-05
  2    19    115  1   -0.100000E+01    0.000000E+00    0.000000E+00
  2    19    144  1   -0.100000E+01    0.000000E+00    0.000000E+00
  2    20    113  1   -0.100000E+01    0.000000E+00    0.000000E+00
  2    21    130  1   -0.100000E+01    0.000000E+00    0.000000E+00
  2    21    157  1   -0.100000E+01    0.000000E+00    0.000000E+00
  2    21    160  1   -0.100000E+01    0.000000E+00    0.000000E+00
  2    22    120  0   -0.1855474563E-05    0.1660852309E-06    0.3380627995E-06
  2    22    108  1   -0.100000E+01    0.000000E+00    0.000000E+00
  2    22    118  1   -0.100000E+01    0.000000E+00    0.000000E+00
  2    22    158  1   -0.100000E+01    0.000000E+00    0.000000E+00
  2    22    161  0   -0.9196622325E-06   -0.5097538027E-08    0.6399440817E-07
  2    23    128  1   -0.100000E+01    0.000000E+00    0.000000E+00
  2    23    134  0   -0.5813945702E-05    0.4256596546E-06    0.6485112221E-06
  2    24    135  1   -0.100000E+01    0.000000E+00    0.000000E+00
  2    25    134  0   -0.5813978593E-05    0.3615104249E-06    0.7953989090E-06
  2    25    101  4   -0.1358002083E+00   -0.1346941450E-05    0.1094794915E-06
  2    25    101  0   -0.6701114818E-05   -0.6761107073E-07    0.3661486584E-07
  4    25    101  1   -0.100000E+01    0.000000E+00    0.000000E+00
  2    26    134  1   -0.100000E+01    0.000000E+00    0.000000E+00
  2    26    105  1   -0.100000E+01    0.000000E+00    0.000000E+00
  2    26    146  1   -0.100000E+01    0.000000E+00    0.000000E+00
  2    27    104  4   -0.1462387560E+00    0.3399992824E-05    0.3823060293E-05
  2    27    104  1   -0.100000E+01    0.000000E+00    0.000000E+00
  2    30    121  1   -0.100000E+01    0.000000E+00    0.000000E+00
  2    30    159  0   -0.9941863973E-06   -0.2609473109E-06   -0.1137608821E-06
  2    31    159  3    0.0000000000E+00    0.9483953329E-06    0.1715173430E-05
  2    31    159  1   -0.100000E+01    0.000000E+00    0.000000E+00
  2    32    143  1   -0.100000E+01    0.000000E+00    0.000000E+00
  2    34    132  1   -0.100000E+01    0.000000E+00    0.000000E+00
  2    34    151  0   -0.1188201133E-05   -0.3012895258E-06   -0.4741137849E-07
  2    36    116  4   -0.6960942820E-01    0.1819341967E-05   -0.2512279948E-05
  2    36    116  0   -0.6236800386E-05    0.1612911555E-06    0.8185979189E-07
  5    36    116  1   -0.100000E+01    0.000000E+00    0.000000E+00
  2    37    114  4   -0.8779638910E-01   -0.1018837972E-05    0.4935864585E-05
  2    37    114  4   -0.9036324365E-04   -0.7484825462E-05   -0.1215688357E-05
  2    37    114  0   -0.2924986904E-05    0.2501277465E-06    0.1952207776E-07
  2    37    152  3    0.0000000000E+00    0.2249281775E-05   -0.1548052202E-06
  2    37    152  1   -0.100000E+01    0.000000E+00    0.000000E+00
  4    37    114  1   -0.100000E+01    0.000000E+00    0.000000E+00
  2    41    141  0   -0.5054770814E-05   -0.2082290316E-06   -0.7158757540E-06
  2    42    151  0   -0.2099413520E-06   -0.1363869110E-06   -0.6171998718E-07
  2    46    150  1   -0.100000E+01    0.000000E+00    0.000000E+00
  2    46    156  2    0.0000000000E+00    0.1539593183E-05   -0.2462278311E-05
  2    46    156  2    0.0000000000E+00   -0.1385258953E-05    0.7146611753E-06
  2    46    156  1   -0.100000E+01    0.000000E+00    0.000000E+00
  2    47    141  1   -0.100000E+01    0.000000E+00    0.000000E+00
  2    48    151  4   -0.2156949845E-01   -0.1786351685E-05   -0.5773839678E-05
  2    48    151  1   -0.100000E+01    0.000000E+00    0.000000E+00
  2    48    161  1   -0.100000E+01    0.000000E+00    0.000000E+00
  2    49    102  1   -0.100000E+01    0.000000E+00    0.000000E+00
  2    56    110  0   -0.2660843274E-05   -0.6348729968E-07   -0.4301649421E-08
  2    56    162  4   -0.8881745139E-02    0.3886379358E-05   -0.9177654424E-06
  2    56    162  3    0.0000000000E+00    0.3989453356E-05    0.4234871418E-05
  2    56    162  1   -0.100000E+01    0.000000E+00    0.000000E+00
  2    64    110  0   -0.6383664343E-06    0.6936381419E-07    0.3666757860E-07
  2    85    120  1   -0.100000E+01    0.000000E+00    0.000000E+00
  2   101    110  1   -0.100000E+01    0.000000E+00    0.000000E+00
