 # name  slicenumber  halfgap[m]  gap_offset[m] tilt jaw1[rad]  tilt jaw2[rad] length[m] material
TCP.D6L2.B1           0   0.96216E-03   0.00000E+00   0.00000E+00   0.00000E+00   0.60000E+00 C 
TCP.C6L2.B1           0   0.13343E-02   0.00000E+00   0.00000E+00   0.00000E+00   0.60000E+00 C 
TCP.B6L2.B1           0   0.11266E-02   0.00000E+00   0.00000E+00   0.00000E+00   0.60000E+00 C 
TCSG.A6L2.B1          0   0.13523E-02   0.00000E+00   0.00000E+00   0.00000E+00   0.10000E+01 C 
TCSG.B5L2.B1          0   0.16163E-02   0.00000E+00   0.00000E+00   0.00000E+00   0.10000E+01 C 
TCSG.A5L2.B1          0   0.16490E-02   0.00000E+00   0.00000E+00   0.00000E+00   0.10000E+01 C 
TCSG.D4L2.B1          0   0.10528E-02   0.00000E+00   0.00000E+00   0.00000E+00   0.10000E+01 C 
TCSG.B4L2.B1          0   0.14998E-02   0.00000E+00   0.00000E+00   0.00000E+00   0.10000E+01 C 
TCSG.A4L2.B1          0   0.14744E-02   0.00000E+00   0.00000E+00   0.00000E+00   0.10000E+01 C 
TCSG.A4R2.B1          0   0.14796E-02   0.00000E+00   0.00000E+00   0.00000E+00   0.10000E+01 C 
TCSG.B5R2.B1          0   0.16940E-02   0.00000E+00   0.00000E+00   0.00000E+00   0.10000E+01 C 
TCSG.D5R2.B1          0   0.17024E-02   0.00000E+00   0.00000E+00   0.00000E+00   0.10000E+01 C 
TCSG.E5R2.B1          0   0.17044E-02   0.00000E+00   0.00000E+00   0.00000E+00   0.10000E+01 C 
TCSG.6R2.B1           0   0.23245E-02   0.00000E+00   0.00000E+00   0.00000E+00   0.10000E+01 C 
TCLA.A6R2.B1          0   0.12572E-02   0.00000E+00   0.00000E+00   0.00000E+00   0.10000E+01 W 
TCLA.B6R2.B1          0   0.22880E-02   0.00000E+00   0.00000E+00   0.00000E+00   0.10000E+01 W 
TCLA.C6R2.B1          0   0.22328E-02   0.00000E+00   0.00000E+00   0.00000E+00   0.10000E+01 W 
TCLA.D6R2.B1          0   0.14612E-02   0.00000E+00   0.00000E+00   0.00000E+00   0.10000E+01 W 
TCLA.A7R2.B1          0   0.14566E-02   0.00000E+00   0.00000E+00   0.00000E+00   0.10000E+01 W 
TCP.D6L2.B1           0   0.96217E-03   0.00000E+00   0.00000E+00   0.00000E+00   0.60000E+00 C 
TCP.C6L2.B1           0   0.13343E-02   0.00000E+00   0.00000E+00   0.00000E+00   0.60000E+00 C 
TCP.B6L2.B1           0   0.11267E-02   0.00000E+00   0.00000E+00   0.00000E+00   0.60000E+00 C 
TCSG.A6L2.B1          0   0.13524E-02   0.00000E+00   0.00000E+00   0.00000E+00   0.10000E+01 C 
TCSG.B5L2.B1          0   0.16163E-02   0.00000E+00   0.00000E+00   0.00000E+00   0.10000E+01 C 
TCSG.A5L2.B1          0   0.16490E-02   0.00000E+00   0.00000E+00   0.00000E+00   0.10000E+01 C 
TCSG.D4L2.B1          0   0.10528E-02   0.00000E+00   0.00000E+00   0.00000E+00   0.10000E+01 C 
TCSG.B4L2.B1          0   0.14998E-02   0.00000E+00   0.00000E+00   0.00000E+00   0.10000E+01 C 
TCSG.A4L2.B1          0   0.14744E-02   0.00000E+00   0.00000E+00   0.00000E+00   0.10000E+01 C 
TCSG.A4R2.B1          0   0.14795E-02   0.00000E+00   0.00000E+00   0.00000E+00   0.10000E+01 C 
TCSG.B5R2.B1          0   0.16940E-02   0.00000E+00   0.00000E+00   0.00000E+00   0.10000E+01 C 
TCSG.D5R2.B1          0   0.17024E-02   0.00000E+00   0.00000E+00   0.00000E+00   0.10000E+01 C 
TCSG.E5R2.B1          0   0.17044E-02   0.00000E+00   0.00000E+00   0.00000E+00   0.10000E+01 C 
TCSG.6R2.B1           0   0.23245E-02   0.00000E+00   0.00000E+00   0.00000E+00   0.10000E+01 C 
TCLA.A6R2.B1          0   0.12573E-02   0.00000E+00   0.00000E+00   0.00000E+00   0.10000E+01 W 
TCLA.B6R2.B1          0   0.22881E-02   0.00000E+00   0.00000E+00   0.00000E+00   0.10000E+01 W 
TCLA.C6R2.B1          0   0.22328E-02   0.00000E+00   0.00000E+00   0.00000E+00   0.10000E+01 W 
TCLA.D6R2.B1          0   0.14612E-02   0.00000E+00   0.00000E+00   0.00000E+00   0.10000E+01 W 
TCLA.A7R2.B1          0   0.14566E-02   0.00000E+00   0.00000E+00   0.00000E+00   0.10000E+01 W 
