# 1=name 2=turn 3=s
     125    1 23313.75
     154    2 23313.75
     123    2 71971.03
     131    2 71971.03
     139    2 71971.03
     137    3 23313.75
     147    3 23521.22
     106    3 71971.03
     107    3 71971.03
     126    3 72970.92
     140    4 23313.75
     138    4 71971.03
     117    5 71971.03
     127    5 71971.03
     164    5 71971.03
     112    6 23313.75
     149    6 23313.75
     163    6 71971.03
     145    7 23313.75
     111    7 71971.03
     122    8 23313.75
     153    8 71971.03
     148    9 71971.03
     129    9 72178.50
     109   11 23313.75
     124   12 23313.75
     119   13 71971.03
     133   14 71971.03
     142   15 71971.03
     155   15 73547.20
     136   16 72474.64
     103   19 23313.75
     115   19 71971.03
     144   19 71971.03
     113   20 71971.03
     130   21 71971.03
     157   21 71971.03
     160   21 71971.03
     108   22 71971.03
     118   22 71971.03
     158   22 71971.03
     128   23 71971.03
     135   24 71971.03
     101   25 72178.50
     134   26 23313.75
     105   26 71971.03
     146   26 71971.03
     104   27 23313.75
     121   30 71971.03
     159   31 23313.75
     143   32 71971.03
     132   34 71971.03
     116   36 72474.64
     152   37 71971.03
     114   37 72178.50
     150   46 71971.03
     156   46 71971.03
     141   47 71971.03
     151   48 23313.75
     161   48 71971.03
     102   49 71971.03
     162   56 71971.03
     120   85 71971.03
     110  101 71971.03
