# 1=icoll 2=c_rotation 3=s 4=x 5=xp 6=y 7=yp 8=nabs 9=np 10=turn
   2  0.000 0.068846    0.1335278780E+01   -0.3567864962E-02    0.4236082572E-01    0.3091202954E-03 1     125       1
   2  0.000 0.068846    0.1335279554E+01   -0.3567864962E-02    0.4236082572E-01    0.3091202954E-03 0     156       1
   2  0.000 0.068846    0.1335278780E+01   -0.3567864962E-02    0.4236082572E-01    0.3091202954E-03 0     119       2
   2  0.000 0.265129    0.1337800626E+01   -0.1601840390E-02    0.2041107116E+00   -0.2722911969E-02 1     154       2
   2  0.000 0.009919    0.1336541039E+01   -0.3452507372E-02   -0.7656864066E-01   -0.2336188239E-03 1     123       2
   2  0.000 0.171941    0.1334924475E+01   -0.3369275234E-02    0.2335111238E-02   -0.7168217813E-03 1     131       2
   2  0.000 0.246569    0.1338837645E+01   -0.3147981000E-02    0.7975683201E-01    0.3348186788E-03 1     139       2
   2  0.000 0.453429    0.1336863380E+01   -0.1036182089E-01   -0.9110572426E-01    0.2407064795E-02 1     137       3
   2  0.000 0.228025    0.1337937471E+01   -0.3614628654E-02   -0.2147519353E+00   -0.7468751104E-03 4     147       3
   2  0.000 0.228025    0.1337937471E+01   -0.3614628654E-02   -0.2147519353E+00   -0.7468751104E-03 0     157       3
   4  2.463 0.006233    0.1612211669E+01    0.1315691882E-02   -0.6361710958E+00   -0.2084587282E-02 1     147       3
   2  0.000 0.419454    0.1334515236E+01   -0.3343027525E-02   -0.2266929085E+00   -0.4611506095E-03 1     106       3
   2  0.000 0.024500    0.1338374092E+01   -0.3683956016E-02    0.1808020199E+00    0.6545199829E-03 1     107       3
   2  0.000 0.152948    0.1334330061E+01   -0.3439616032E-02   -0.1781327512E+00   -0.4664262323E-03 2     126       3
   2  0.000 0.152948    0.1334330061E+01   -0.3439616032E-02   -0.1781327512E+00   -0.4664262323E-03 0     161       3
   9  2.349 0.096912   -0.7556681656E+00   -0.8987120232E-04    0.1351389720E+01    0.2516127521E-02 1     126       3
   2  0.000 0.084708    0.1335352534E+01   -0.3858994785E-02   -0.2277262864E+00   -0.8684330079E-03 1     140       4
   2  0.000 0.084708    0.1335353308E+01   -0.3858994785E-02   -0.2277262864E+00   -0.8684330079E-03 0     121       4
   2  0.000 0.086811    0.1335224139E+01   -0.6376893924E-02   -0.3588899820E-01    0.1478825721E-02 1     138       4
   2  0.000 0.411832    0.1335674639E+01   -0.3673269301E-02   -0.4577104424E-01   -0.2114342125E-03 1     117       5
   2  0.000 0.073474    0.1338895667E+01   -0.3526410637E-02   -0.1634228608E+00   -0.6943259319E-03 1     127       5
   2  0.000 0.587110    0.1337285865E+01   -0.2710652966E-02   -0.1387393772E+00    0.1958204092E-02 1     164       5
   2  0.000 0.115244    0.1336261848E+01   -0.3945094046E-02    0.1422283365E+00    0.2673323982E-04 1     112       6
   2  0.000 0.003853    0.1338480145E+01   -0.3685586029E-02   -0.9343515597E-01   -0.4099372508E-04 1     149       6
   2  0.000 0.003853    0.1338480145E+01   -0.3685586029E-02   -0.9343515597E-01   -0.4099372508E-04 0     163       6
   2  0.000 0.003853    0.1338480919E+01   -0.3685586029E-02   -0.9343515597E-01   -0.4099372508E-04 0     145       6
   2  0.000 0.045714   -0.1362910739E+01    0.4457947535E-02   -0.2653266414E+00   -0.6944323279E-04 1     163       6
   2  0.000 0.490606    0.1375287365E+01   -0.3439555804E-02    0.3359440725E-01   -0.5458960081E-03 1     145       7
   2  0.000 0.163841    0.1336622482E+01   -0.3943132892E-02    0.1746661497E+00    0.1947746986E-03 1     111       7
   2  0.000 0.085112    0.1335258826E+01   -0.3722063693E-02   -0.3186233543E+00   -0.1121122568E-02 1     122       8
   2  0.000 0.085112    0.1335259600E+01   -0.3722063693E-02   -0.3186233543E+00   -0.1121122568E-02 0     132       8
   2  0.000 0.595154    0.1334531743E+01   -0.2740485094E-02   -0.1052309458E+00   -0.3950077841E-02 1     153       8
   2  0.000 0.169970    0.1339183743E+01   -0.3759772935E-02   -0.2800725994E-01   -0.3298563898E-03 3     129       9
   2  0.000 0.316552    0.1338419019E+01   -0.3913341086E-02   -0.3028310607E-01    0.6076939395E-03 1     148       9
   4  2.463 0.256152    0.1308895564E+01   -0.1820526165E-02   -0.6201521160E+00   -0.1166786131E-03 1     129       9
   2  0.000 0.256152    0.1390007484E+01   -0.1343542681E-02   -0.3393083262E+00    0.1234026937E-02 0     109      10
   2  0.000 0.271583    0.1417258771E+01   -0.4156501555E-02    0.4305425749E-01   -0.1326492994E-03 1     109      11
   2  0.000 0.080076   -0.1334683250E+01    0.3670800730E-02   -0.8138717824E-01   -0.4125017164E-03 1     124      12
   2  0.000 0.432377    0.1338130170E+01   -0.1018056453E-02    0.1821554258E+00    0.2252055186E-02 1     119      13
   2  0.000 0.432377    0.1338130170E+01   -0.1018056453E-02    0.1821554258E+00    0.2252055186E-02 0     120      14
   2  0.000 0.280167    0.1338356811E+01   -0.3333828045E-02   -0.2130678579E+00   -0.8333469526E-03 1     133      14
   2  0.000 0.280167    0.1338356811E+01   -0.3333828045E-02   -0.2130678579E+00   -0.8333469526E-03 0     130      15
   2  0.000 0.237499    0.1335623193E+01   -0.3213882357E-02    0.7557786498E-01   -0.7393556101E-03 1     142      15
   2  0.000 0.028469    0.1335816195E+01   -0.3625430860E-02    0.2609083322E-01    0.1708386282E-03 2     155      15
  13  2.278 0.371118   -0.2424669999E+01   -0.7650359749E-02    0.2212100685E+00   -0.1030402979E-02 1     155      15
   2  0.000 0.371118   -0.1372736671E+01   -0.4184956318E-02    0.1700077231E+01    0.6486591955E-02 0     157      16
   2  0.000 0.413046    0.1336235638E+01   -0.6069613140E-02   -0.7495106621E-01    0.1038860782E-02 2     136      16
   5  2.505 0.201999   -0.2173812074E+01   -0.9071601252E-02    0.9906898864E-01    0.2837410445E-03 1     136      16
   2  0.000 0.054579   -0.1334400620E+01    0.3605511553E-02    0.1305394326E+00    0.5822747546E-03 1     103      19
   2  0.000 0.054579    0.1334401394E+01   -0.3605511553E-02    0.1305394326E+00    0.5822747546E-03 0     104      19
   2  0.000 0.179054    0.1336693100E+01    0.1143466232E-02    0.1271471661E+00    0.5352761472E-02 1     115      19
   2  0.000 0.227191    0.1334363110E+01   -0.3716307238E-02    0.4054818389E-01    0.3661661230E-04 1     144      19
   2  0.000 0.239256    0.1337696528E+01   -0.3815801584E-02    0.8615086344E-01   -0.4728628649E-03 1     113      20
   2  0.000 0.400681   -0.1336153770E+01    0.3415841209E-02    0.8712466150E-01   -0.3372371809E-03 1     130      21
   2  0.000 0.077598    0.1337684006E+01   -0.3769262943E-02   -0.9142336186E-01    0.5659630417E-03 1     157      21
   2  0.000 0.072062    0.1338185000E+01   -0.3528627861E-02   -0.3375550481E-01   -0.3191853620E-03 1     160      21
   2  0.000 0.072062    0.1338184226E+01   -0.3528627861E-02   -0.3375550481E-01   -0.3191853620E-03 0     120      22
   2  0.000 0.094907    0.1336598008E+01   -0.3743333745E-02    0.4689926158E-01    0.3931172550E-03 1     108      22
   2  0.000 0.229134    0.1336407598E+01   -0.3429510572E-02    0.8438170227E-01   -0.2126521728E-03 1     118      22
   2  0.000 0.067040    0.1336478603E+01   -0.3411050225E-02   -0.8241154740E-01   -0.2717415962E-03 1     158      22
   2  0.000 0.067040    0.1336478603E+01   -0.3411050225E-02   -0.8241154740E-01   -0.2717415962E-03 0     161      22
   2  0.000 0.463217    0.1334690042E+01   -0.3984419571E-02    0.2691076497E-01   -0.3687318408E-03 1     128      23
   2  0.000 0.463217    0.1334690042E+01   -0.3984419571E-02    0.2691076497E-01   -0.3687318408E-03 0     134      23
   2  0.000 0.481894    0.1338939985E+01   -0.3087653395E-02    0.3166565904E+00    0.1651511249E-02 1     135      24
   2  0.000 0.481894   -0.1338939211E+01    0.3087653395E-02    0.3166565904E+00    0.1651511249E-02 0     134      25
   2  0.000 0.425513    0.1337758005E+01   -0.3560135014E-02    0.3290255645E-02   -0.2580953362E-03 4     101      25
   4  2.463 0.531900   -0.3156081177E+01   -0.6512208912E-01    0.6048158574E-01   -0.3728054236E-03 1     101      25
   2  0.000 0.046910    0.1340252310E+01   -0.4114027878E-02    0.1335750287E+00    0.3376619847E-03 1     134      26
   2  0.000 0.178253    0.1335437538E+01   -0.3808087852E-02    0.5248185780E-01    0.3708900665E-03 1     105      26
   2  0.000 0.083458    0.1336491474E+01   -0.3677488553E-02    0.6908531349E-01   -0.1522748269E-03 1     146      26
   2  0.000 0.461340    0.1335435563E+01   -0.2958797991E-03   -0.6424404696E-01    0.3552941927E-02 1     104      27
   2  0.000 0.125231    0.1340139190E+01   -0.3595814521E-02    0.5737794432E-01    0.4760010077E-03 1     121      30
   2  0.000 0.125231    0.1340139190E+01   -0.3595814521E-02    0.5737794432E-01    0.4760010077E-03 0     159      30
   2  0.000 0.181939    0.1351103257E+01   -0.2476371612E-02   -0.1336152962E+00    0.7403965053E-03 1     159      31
   2  0.000 0.237548    0.1336264193E+01   -0.3706782265E-02    0.3588602548E+00    0.1400824615E-02 1     143      32
   2  0.000 0.264356    0.1338344348E+01   -0.3597801448E-02    0.1292871408E+00    0.9234346550E-03 1     132      34
   2  0.000 0.264356    0.1338344348E+01   -0.3597801448E-02    0.1292871408E+00    0.9234346550E-03 0     151      34
   2  0.000 0.541932    0.1338603464E+01   -0.3352401592E-02    0.1811466558E-01   -0.4253301831E-03 4     116      36
   5  2.505 0.288810   -0.1285597466E+02   -0.5347654807E-01   -0.7393533718E+00    0.1340620018E-02 1     116      36
   2  0.000 0.216839    0.1334995063E+01   -0.4246555714E-02   -0.2764195909E+00    0.3857511178E-02 4     114      37
   2  0.000 0.192224    0.1335871959E+01   -0.1389705106E-02   -0.1198938080E+00   -0.1060896372E-02 1     152      37
   4  2.463 0.058806   -0.3345077858E+01   -0.4907845015E-01    0.3585866598E+00    0.3104023865E-02 1     114      37
   2  0.000 0.058806    0.2810399590E+01    0.4014419197E-01    0.1821516505E+01    0.2840375124E-01 0     141      41
   2  0.000 0.058806    0.2810398816E+01    0.4014419197E-01    0.1821516505E+01    0.2840375124E-01 0     151      42
   2  0.000 0.040117    0.1337935543E+01   -0.3612163898E-02   -0.5031120767E-01   -0.7095022621E-03 1     150      46
   2  0.000 0.326902    0.1337655728E+01   -0.3308444247E-02   -0.1701547349E-01   -0.1871978945E-02 1     156      46
   2  0.000 0.560792   -0.1335714104E+01    0.3916528284E-02   -0.7124086345E-01   -0.5721924836E-03 1     141      47
   2  0.000 0.040220   -0.1354433301E+01    0.5502806027E-02   -0.6342365060E-01   -0.5981688980E-02 1     151      48
   2  0.000 0.425899    0.1336827818E+01   -0.4226229103E-02   -0.1391591157E+00    0.7424297397E-04 1     161      48
   2  0.000 0.030551    0.1335847560E+01   -0.3770512813E-02    0.1364439740E-01    0.2761417963E-04 1     102      49
   2  0.000 0.030551    0.1335847560E+01   -0.3770512813E-02    0.1364439740E-01    0.2761417963E-04 0     110      56
   2  0.000 0.181913    0.1335507495E+01    0.4410300369E-02   -0.1479371964E+00    0.2825522439E-02 1     162      56
   2  0.000 0.181913    0.1335506721E+01    0.4410300369E-02   -0.1479371964E+00    0.2825522439E-02 0     110      64
   2  0.000 0.055579    0.1335417668E+01   -0.3428592096E-02   -0.1137114412E+00   -0.7970519689E-03 1     120      85
   2  0.000 0.124275    0.1335129989E+01   -0.3385905584E-02    0.6128477951E-01    0.1161986559E-03 1     110     101
