 # 1=turn 2=n_particle
   1  63
   2  59
   3  54
   4  52
   5  49
   6  46
   7  44
   8  42
   9  40
  10  40
  11  39
  12  38
  13  37
  14  36
  15  34
  16  33
  17  33
  18  33
  19  30
  20  29
  21  26
  22  23
  23  22
  24  21
  25  20
  26  17
  27  16
  28  16
  29  16
  30  15
  31  14
  32  13
  33  13
  34  12
  35  12
  36  11
  37   9
  38   9
  39   9
  40   9
  41   9
  42   9
  43   9
  44   9
  45   9
  46   7
  47   6
  48   4
  49   3
  50   3
  51   3
  52   3
  53   3
  54   3
  55   3
  56   2
  57   2
  58   2
  59   2
  60   2
  61   2
  62   2
  63   2
  64   2
  65   2
  66   2
  67   2
  68   2
  69   2
  70   2
  71   2
  72   2
  73   2
  74   2
  75   2
  76   2
  77   2
  78   2
  79   2
  80   2
  81   2
  82   2
  83   2
  84   2
  85   1
  86   1
  87   1
  88   1
  89   1
  90   1
  91   1
  92   1
  93   1
  94   1
  95   1
  96   1
  97   1
  98   1
  99   1
 100   1
 101   0
 102   0
 103   0
 104   0
 105   0
 106   0
 107   0
 108   0
 109   0
 110   0
 111   0
 112   0
 113   0
 114   0
 115   0
 116   0
 117   0
 118   0
 119   0
 120   0
 121   0
 122   0
 123   0
 124   0
 125   0
 126   0
 127   0
 128   0
 129   0
 130   0
 131   0
 132   0
 133   0
 134   0
 135   0
 136   0
 137   0
 138   0
 139   0
 140   0
 141   0
 142   0
 143   0
 144   0
 145   0
 146   0
 147   0
 148   0
 149   0
 150   0
 151   0
 152   0
 153   0
 154   0
 155   0
 156   0
 157   0
 158   0
 159   0
 160   0
 161   0
 162   0
 163   0
 164   0
 165   0
 166   0
 167   0
 168   0
 169   0
 170   0
 171   0
 172   0
 173   0
 174   0
 175   0
 176   0
 177   0
 178   0
 179   0
 180   0
 181   0
 182   0
 183   0
 184   0
 185   0
 186   0
 187   0
 188   0
 189   0
 190   0
 191   0
 192   0
 193   0
 194   0
 195   0
 196   0
 197   0
 198   0
 199   0
 200   0
